1.403715534462143e+18,0.05429204,0.008703535,-0.00685275,-0.0009940444,0.005819838,-0.001896494,0.9999809
1.4037155345121431e+18,0.07867729,0.01225383,-0.007580203,-0.002255621,0.01191848,-0.001955139,0.9999246
1.403715534562143e+18,0.1046738,0.01531613,-0.008431251,-0.003696907,0.01856164,-0.0005213302,0.9998207
1.4037155346121434e+18,0.1291935,0.01958267,-0.009303696,-0.005084197,0.02633604,0.002836944,0.9996363
1.403715534662143e+18,0.1560473,0.02453476,-0.01026834,-0.006741498,0.0351565,0.005722583,0.9993428
1.4037155347121431e+18,0.1763387,0.02481963,-0.009631935,-0.01091121,0.04756126,0.008855903,0.9987696
1.4037155347621432e+18,0.2034705,0.02842181,-0.01098665,-0.0163594,0.05870544,0.01314214,0.9980549
1.4037155348121431e+18,0.2262894,0.03181024,-0.01044582,-0.02288941,0.0735177,0.01663614,0.9968925
1.403715534862143e+18,0.250695,0.03618222,-0.009584431,-0.02908781,0.08800157,0.02068132,0.9954808
1.4037155349121431e+18,0.2751884,0.03952673,-0.008773111,-0.03558684,0.1034292,0.02510231,0.9936829
1.403715534962143e+18,0.3027272,0.04768801,-0.007632606,-0.03887228,0.1173427,0.02967888,0.9918864
1.4037155350121431e+18,0.3249593,0.05189964,-0.004804879,-0.04221269,0.1317762,0.03297744,0.989831
1.403715535062143e+18,0.3487284,0.05422639,-0.004016943,-0.0467885,0.1436917,0.03654348,0.9878401
1.4037155351121434e+18,0.3749779,0.06315985,-0.001929931,-0.05023668,0.15359,0.04066418,0.9860186
1.403715535162143e+18,0.4028111,0.07180066,0.002913535,-0.05442011,0.1601787,0.04581213,0.9845214
1.4037155352121431e+18,0.42546,0.07330438,0.006347552,-0.06175948,0.1668914,0.04998057,0.982769
1.4037155352621432e+18,0.4496028,0.07828904,0.01259728,-0.06630304,0.1726008,0.05415067,0.9812648
1.4037155353121431e+18,0.4790429,0.08886246,0.01949362,-0.06724494,0.1739848,0.05863049,0.9806988
1.403715535362143e+18,0.4997383,0.09231626,0.02825548,-0.06879678,0.1780893,0.06287001,0.9795911
1.4037155354121431e+18,0.5239592,0.0937245,0.035754,-0.06728162,0.1779058,0.07284416,0.9790385
1.403715535462143e+18,0.5466131,0.09364399,0.04390728,-0.06163531,0.178193,0.08185522,0.978646
1.4037155355121431e+18,0.5688944,0.09276369,0.05574903,-0.05389288,0.1788323,0.08855822,0.9784027
1.403715535562143e+18,0.5987401,0.09943931,0.06812303,-0.04198224,0.1771618,0.09199819,0.9789726
1.4037155356121434e+18,0.623847,0.09801432,0.0797314,-0.03177894,0.177321,0.09093031,0.9794279
1.403715535662143e+18,0.6493283,0.09762783,0.08986974,-0.0242841,0.1761363,0.08845057,0.980083
1.4037155357121431e+18,0.6705586,0.09396251,0.1015849,-0.0214239,0.1750717,0.08287182,0.9808277
1.4037155357621432e+18,0.7020121,0.09947782,0.1148901,-0.01658062,0.169114,0.0780628,0.9823602
1.4037155358121431e+18,0.7299086,0.09787257,0.1248671,-0.01540459,0.1628922,0.06941763,0.9840783
1.403715535862143e+18,0.7565808,0.09991699,0.1389248,-0.01511294,0.1567835,0.05755443,0.9858387
1.4037155359121431e+18,0.7816414,0.1015848,0.1511599,-0.0178104,0.1491207,0.04816897,0.9874844
1.403715535962143e+18,0.8105363,0.1045884,0.1639438,-0.02062326,0.1389399,0.04036964,0.9892626
1.4037155360121431e+18,0.8323264,0.1040689,0.178022,-0.02615055,0.1312874,0.03517403,0.990375
1.403715536062143e+18,0.8584923,0.1040449,0.1905085,-0.03209081,0.1226157,0.03039098,0.9914696
1.4037155361121434e+18,0.8816853,0.1047413,0.2052466,-0.03697625,0.1153583,0.02727886,0.9922606
1.403715536162143e+18,0.9065813,0.1027644,0.2189899,-0.04198556,0.1080702,0.02371958,0.992973
1.4037155362121431e+18,0.9283503,0.1007535,0.2348506,-0.04688837,0.103799,0.01805967,0.9933284
1.4037155362621432e+18,0.9541109,0.09882112,0.2493812,-0.04986925,0.09797857,0.01266614,0.9938576
1.4037155363121431e+18,0.9742007,0.09716718,0.2670487,-0.05067311,0.09504604,0.006524631,0.994161
1.403715536362143e+18,0.9979173,0.09218635,0.2821484,-0.0496461,0.09071649,-0.0001542426,0.9946384
1.4037155364121431e+18,1.017028,0.08907367,0.3013089,-0.04612254,0.09017121,-0.009696707,0.9948104
1.403715536462143e+18,1.038669,0.08449434,0.3192194,-0.04138527,0.0886241,-0.01886005,0.9950262
1.4037155365121431e+18,1.05762,0.07933388,0.3395939,-0.03669722,0.08831201,-0.02733771,0.9950411
1.403715536562143e+18,1.077453,0.07466067,0.3584781,-0.03047988,0.08682675,-0.03356295,0.9951912
1.4037155366121434e+18,1.094035,0.06781289,0.3783825,-0.02526991,0.08605143,-0.0381878,0.9952378
1.403715536662143e+18,1.107307,0.06098515,0.4003946,-0.01879301,0.08679177,-0.04266002,0.9951353
1.4037155367121431e+18,1.122061,0.0533554,0.4214422,-0.01047019,0.08545518,-0.04456861,0.9952896
1.4037155367621432e+18,1.13494,0.04440383,0.4414105,0.001296965,0.08273576,-0.04527417,0.9955419
1.4037155368121431e+18,1.141885,0.03852504,0.4627353,0.01358744,0.08195707,-0.04776122,0.9953982
1.403715536862143e+18,1.152318,0.03252374,0.4830441,0.02515426,0.07917859,-0.05231728,0.9951687
1.4037155369121431e+18,1.155421,0.02519888,0.5014362,0.03505404,0.07960907,-0.05819233,0.9945085
1.403715536962143e+18,1.159133,0.01839785,0.51969,0.04535468,0.08165012,-0.06660872,0.9933981
1.4037155370121431e+18,1.161059,0.01133643,0.5378329,0.05517726,0.08389939,-0.07437649,0.9921615
1.403715537062143e+18,1.162999,0.00322783,0.5536543,0.06665508,0.08459359,-0.07956611,0.9909945
1.4037155371121434e+18,1.159977,-0.005331278,0.568987,0.08001839,0.08694793,-0.08402864,0.9894323
1.403715537162143e+18,1.157068,-0.01204598,0.5826491,0.095559,0.0878055,-0.08775821,0.9876523
1.4037155372121431e+18,1.150942,-0.01933679,0.5932564,0.1094134,0.08815368,-0.08883017,0.9860866
1.4037155372621432e+18,1.142307,-0.02567557,0.6033075,0.1229422,0.08808816,-0.08689301,0.9846701
1.4037155373121431e+18,1.132805,-0.03233171,0.6088887,0.1307228,0.08259299,-0.07455599,0.9851554
1.403715537362143e+18,1.122252,-0.0398038,0.6140137,0.1300375,0.07623522,-0.05820478,0.9868591
1.4037155374121431e+18,1.106599,-0.04455136,0.6154551,0.1202558,0.07098087,-0.04140623,0.989336
1.403715537462143e+18,1.09243,-0.04846606,0.6149602,0.1049723,0.06442402,-0.02356698,0.9921064
1.4037155375121431e+18,1.075783,-0.05042946,0.6117848,0.08486,0.06012971,-0.007805256,0.9945464
1.403715537562143e+18,1.061946,-0.05329546,0.6067519,0.06314982,0.05490772,0.00546738,0.9964774
1.4037155376121434e+18,1.043318,-0.05381544,0.6011137,0.04507291,0.05287234,0.01630718,0.9974504
1.403715537662143e+18,1.025757,-0.05566349,0.5949291,0.03141939,0.05226675,0.02398044,0.9978506
1.4037155377121431e+18,1.008397,-0.05710997,0.5885278,0.029565,0.05253606,0.02979927,0.9977363
1.4037155377621432e+18,0.9910553,-0.0605164,0.5800736,0.03382997,0.05373086,0.03340251,0.9974232
1.4037155378121431e+18,0.9764505,-0.06420845,0.572827,0.04211559,0.05393527,0.03619651,0.9969991
1.403715537862143e+18,0.9610518,-0.06472413,0.5638849,0.05073992,0.05558881,0.03481072,0.9965559
1.4037155379121431e+18,0.9436496,-0.06945803,0.5552778,0.05444771,0.05753998,0.03689568,0.9961743
1.403715537962143e+18,0.9315987,-0.06810479,0.5434608,0.05338521,0.05697703,0.03462483,0.9963456
1.4037155380121431e+18,0.9162408,-0.06976142,0.5338244,0.0475741,0.05710683,0.0380058,0.9965094
1.403715538062143e+18,0.9061613,-0.07209549,0.520633,0.04113927,0.05563031,0.04104372,0.9967588
1.4037155381121434e+18,0.8891699,-0.06931303,0.5091445,0.03623888,0.05787035,0.04527002,0.9966385
1.403715538162143e+18,0.878054,-0.06986313,0.4953746,0.0293932,0.05891814,0.05044034,0.9965543
1.4037155382121431e+18,0.8671421,-0.06899386,0.4820151,0.02381461,0.06274558,0.05479023,0.9962398
1.4037155382621432e+18,0.8514362,-0.06362441,0.4675094,0.02111799,0.06998231,0.05761037,0.9956593
1.4037155383121431e+18,0.834332,-0.05588637,0.4577258,0.02304339,0.08033558,0.06035266,0.9946721
1.403715538362143e+18,0.825003,-0.05522174,0.446044,0.02293564,0.08901169,0.06450672,0.9936748
1.4037155384121431e+18,0.8172988,-0.04952617,0.4313129,0.02989019,0.09859044,0.06359185,0.9926442
1.403715538462143e+18,0.8084445,-0.04090881,0.4187273,0.03957357,0.111625,0.05954776,0.9911749
1.4037155385121431e+18,0.7978961,-0.03469118,0.4055423,0.04844148,0.1256534,0.05552489,0.989334
1.403715538562143e+18,0.7901627,-0.02760389,0.3906406,0.05511644,0.1393777,0.05165428,0.9873539
1.4037155386121434e+18,0.7807578,-0.02257941,0.3765923,0.05851225,0.1537611,0.05123443,0.9850425
1.403715538662143e+18,0.7711848,-0.01366406,0.3612436,0.06000232,0.1677194,0.05247498,0.9826068
1.4037155387121431e+18,0.7693445,8.873176e-06,0.340382,0.05984399,0.1782624,0.05534822,0.9806007
1.4037155387621432e+18,0.7559712,0.00371258,0.3238217,0.05108899,0.1948179,0.06117453,0.9775959
1.4037155388121431e+18,0.7460558,0.01295514,0.3047174,0.04115434,0.2100684,0.06761736,0.9744771
1.403715538862143e+18,0.7379557,0.02239208,0.2863312,0.03207122,0.2266198,0.07337161,0.9706861
1.4037155389121431e+18,0.728084,0.0318441,0.2661644,0.024502,0.2440811,0.08110087,0.9660469
1.403715538962143e+18,0.7183312,0.04386472,0.249391,0.01898107,0.2633695,0.08738429,0.9605415
1.4037155390121431e+18,0.7081343,0.05257361,0.228514,0.01436528,0.2832237,0.09399248,0.9543287
1.403715539062143e+18,0.6987008,0.06701913,0.2101102,0.01238174,0.3032165,0.1021046,0.9473549
1.4037155391121434e+18,0.6891242,0.07901052,0.191663,0.009257689,0.3235003,0.1096371,0.9398093
1.403715539162143e+18,0.6803539,0.0928442,0.1736228,0.0078189,0.3437971,0.118031,0.9315639
1.4037155392121431e+18,0.668802,0.1096878,0.1577433,0.007140939,0.3644042,0.1264279,0.9225913
1.4037155392621432e+18,0.6602289,0.1257136,0.1402611,0.003489964,0.3827585,0.1346844,0.9139714
1.4037155393121431e+18,0.6500775,0.1455565,0.1208836,-0.000519269,0.4001115,0.1431705,0.9052141
1.403715539362143e+18,0.6394842,0.1624991,0.1080822,-0.006466938,0.4177402,0.1509421,0.8959172
1.4037155394121431e+18,0.6318008,0.1824757,0.09000656,-0.01037598,0.4316189,0.1581281,0.8880275
1.403715539462143e+18,0.6203645,0.2034106,0.0750334,-0.01050808,0.4460676,0.1624128,0.880077
1.4037155395121431e+18,0.6090285,0.2174206,0.06095976,-0.01317829,0.4575652,0.1677788,0.8731042
1.403715539562143e+18,0.5979646,0.231447,0.0465878,-0.01307935,0.465348,0.1771252,0.8671256
1.4037155396121434e+18,0.587697,0.2447083,0.03048301,-0.01034694,0.4712942,0.1858324,0.8621144
1.403715539662143e+18,0.5775886,0.254972,0.01617035,-0.007029054,0.4765348,0.1925722,0.8577768
1.4037155397121431e+18,0.5682646,0.2622268,-0.001850098,-0.002822071,0.4807354,0.1964017,0.8545828
1.4037155397621432e+18,0.5617967,0.2723829,-0.01812068,0.0007595986,0.4835177,0.1985769,0.8525122
1.4037155398121431e+18,0.5535566,0.278316,-0.03618252,0.003133492,0.4860472,0.1985978,0.8510623
1.403715539862143e+18,0.5458282,0.2810484,-0.05636364,0.0001749088,0.4864433,0.1980029,0.8509804
1.4037155399121431e+18,0.5388185,0.2853153,-0.07523119,-0.005174267,0.4841409,0.2001735,0.8517694
1.403715539962143e+18,0.5293651,0.2882893,-0.09177674,-0.008136056,0.4815078,0.2047828,0.8521431
1.4037155400121431e+18,0.5245131,0.2897032,-0.1126412,-0.01618036,0.4766266,0.2096345,0.8535916
1.403715540062143e+18,0.5199621,0.2893538,-0.1326037,-0.02299098,0.4708534,0.2185678,0.8543983
1.4037155401121434e+18,0.5138359,0.29039,-0.151231,-0.02970286,0.4655292,0.2267175,0.854985
1.403715540162143e+18,0.5102134,0.2903447,-0.1708464,-0.03232481,0.4600527,0.2346699,0.8557082
1.4037155402121431e+18,0.5092225,0.2903675,-0.1890005,-0.03470992,0.4560582,0.2398781,0.8563086
1.4037155402621432e+18,0.5097247,0.2906232,-0.2094187,-0.03265131,0.4543145,0.2399898,0.8572849
1.4037155403121431e+18,0.5093229,0.2885174,-0.2277716,-0.03274729,0.4551681,0.235959,0.8579469
1.403715540362143e+18,0.5111821,0.2877566,-0.2457248,-0.03475484,0.4571093,0.2280429,0.8589758
1.4037155404121431e+18,0.5167045,0.2864232,-0.2640166,-0.03884375,0.4577695,0.2214289,0.8601789
1.403715540462143e+18,0.5212666,0.2863652,-0.2820893,-0.04307778,0.4592666,0.214404,0.8609583
1.4037155405121431e+18,0.5278541,0.2875119,-0.3003887,-0.05220173,0.4600395,0.2089087,0.8613917
1.403715540562143e+18,0.5347058,0.2860853,-0.3169676,-0.06057229,0.4608143,0.2081234,0.8606194
1.4037155406121434e+18,0.5426941,0.2886756,-0.3322093,-0.0678251,0.4616311,0.2066866,0.8599867
1.403715540662143e+18,0.5516859,0.2890846,-0.3472976,-0.07223382,0.4611842,0.2109032,0.8588429
1.4037155407121431e+18,0.5621529,0.2897466,-0.3616298,-0.07146771,0.4599644,0.2197346,0.8573457
1.4037155407621432e+18,0.5740101,0.2902282,-0.3759658,-0.06964575,0.4589814,0.2270808,0.8561073
1.4037155408121431e+18,0.586905,0.2899073,-0.3886515,-0.0634978,0.4602937,0.2306632,0.8549223
1.403715540862143e+18,0.6027508,0.289794,-0.4013599,-0.05762863,0.4617733,0.230942,0.854465
1.4037155409121431e+18,0.6215917,0.2922572,-0.4117486,-0.05056615,0.4628596,0.2310346,0.8542991
1.403715540962143e+18,0.6401533,0.2932723,-0.4216483,-0.04493256,0.4656802,0.2272134,0.8541059
1.4037155410121431e+18,0.6568733,0.2915692,-0.4333816,-0.04169211,0.4685066,0.2226731,0.8539205
1.403715541062143e+18,0.678227,0.2939628,-0.4438496,-0.03852902,0.4701076,0.2182547,0.8543296
1.4037155411121434e+18,0.6979828,0.2941782,-0.4550532,-0.03901342,0.4714153,0.2144184,0.8545585
1.403715541162143e+18,0.7202444,0.295782,-0.464409,-0.03610576,0.4708951,0.2149186,0.8548474
1.4037155412121431e+18,0.7418331,0.294583,-0.4749359,-0.02796291,0.4689791,0.2200331,0.8549047
1.4037155412621432e+18,0.76654,0.2889062,-0.486725,-0.01877757,0.4670343,0.2254803,0.8548011
1.4037155413121431e+18,0.7847961,0.2923988,-0.492434,-0.007881437,0.4707967,0.2244908,0.8531659
1.403715541362143e+18,0.8100677,0.2941296,-0.5021262,-0.003716121,0.4744276,0.21936,0.8525175
1.4037155414121431e+18,0.8325549,0.2987002,-0.5108081,-0.002259434,0.4780319,0.2134161,0.8520175
1.403715541462143e+18,0.8563592,0.3035377,-0.519081,-0.008671179,0.4812144,0.2090407,0.8512692
1.4037155415121431e+18,0.8819529,0.3029311,-0.5276052,-0.01870839,0.4825132,0.2088671,0.8504149
1.403715541562143e+18,0.9074091,0.3070731,-0.5389788,-0.02862704,0.4832895,0.2078069,0.8499576
1.4037155416121434e+18,0.9310153,0.3113943,-0.548124,-0.03538391,0.4831965,0.2085138,0.8495829
1.403715541662143e+18,0.9553524,0.313699,-0.5542483,-0.04291216,0.4852911,0.205787,0.8487065
1.4037155417121431e+18,0.9855453,0.313882,-0.5655826,-0.05037119,0.4859812,0.2003,0.8492144
1.4037155417621432e+18,1.014351,0.3142003,-0.5753994,-0.05481089,0.4892956,0.1885589,0.8497243
1.4037155418121431e+18,1.04731,0.317587,-0.584501,-0.05781198,0.4926939,0.1747619,0.850511
1.403715541862143e+18,1.075007,0.317356,-0.5897793,-0.05802163,0.4978002,0.1600575,0.8504175
1.4037155419121431e+18,1.104825,0.3185541,-0.5957458,-0.05897346,0.500604,0.1463589,0.8511739
1.403715541962143e+18,1.131674,0.3198177,-0.597887,-0.05975939,0.5022129,0.1340541,0.8521974
1.4037155420121431e+18,1.162784,0.3182777,-0.6040016,-0.06287402,0.4997332,0.1234925,0.8550223
1.403715542062143e+18,1.189417,0.3207543,-0.6055741,-0.05972916,0.497156,0.1115269,0.858388
1.4037155421121434e+18,1.215159,0.3199978,-0.6025542,-0.05345373,0.4935988,0.1034275,0.8618617
1.403715542162143e+18,1.239825,0.3133772,-0.6007487,-0.04851551,0.4884224,0.09520543,0.8660402
1.4037155422121431e+18,1.264416,0.3110467,-0.5954449,-0.03728275,0.481353,0.08757343,0.8713438
1.4037155422621432e+18,1.290571,0.3041844,-0.5939163,-0.02788314,0.4705791,0.0830122,0.8780017
1.4037155423121431e+18,1.30713,0.3004331,-0.5851993,-0.01517734,0.4610521,0.0816391,0.8834792
1.403715542362143e+18,1.326679,0.2899582,-0.5786285,-0.005858203,0.448815,0.08139002,0.8898912
1.4037155424121431e+18,1.344286,0.2855924,-0.570792,0.008686746,0.434438,0.08451433,0.8966858
1.403715542462143e+18,1.3636,0.2797702,-0.5639433,0.02426589,0.418602,0.08771797,0.9035978
1.4037155425121431e+18,1.377499,0.2744517,-0.5540118,0.03794827,0.405584,0.09050879,0.9087737
1.403715542562143e+18,1.391111,0.2694774,-0.5467584,0.0460705,0.3937628,0.09188791,0.9134467
1.4037155426121434e+18,1.405286,0.2643392,-0.540133,0.04559905,0.3825595,0.09449145,0.9179543
1.403715542662143e+18,1.417048,0.2592323,-0.5336742,0.04109057,0.3733074,0.09699823,0.9217073
1.4037155427121431e+18,1.425241,0.2556967,-0.525738,0.03983923,0.3666759,0.0991003,0.9241973
1.4037155427621432e+18,1.4355,0.2514663,-0.5202929,0.03579206,0.3604012,0.09939093,0.9267962
1.4037155428121431e+18,1.443597,0.2487051,-0.5149052,0.03038101,0.3557158,0.09990281,0.9287425
1.403715542862143e+18,1.451787,0.2496046,-0.510094,0.02661838,0.350809,0.1015212,0.9305472
1.4037155429121431e+18,1.45696,0.2476499,-0.5036316,0.02347738,0.3475262,0.1045151,0.9315314
1.403715542962143e+18,1.463237,0.2470568,-0.4983984,0.02283718,0.3436303,0.1092045,0.9324543
1.4037155430121431e+18,1.46833,0.246229,-0.4929681,0.0238915,0.3403594,0.1147752,0.9329583
1.403715543062143e+18,1.47568,0.2481414,-0.4875057,0.02681094,0.3376316,0.1178386,0.9334882
1.4037155431121434e+18,1.480399,0.2500552,-0.4827963,0.0290137,0.3362934,0.1211051,0.9334872
1.403715543162143e+18,1.485843,0.2507516,-0.4786518,0.03050713,0.3361211,0.1225685,0.9333106
1.4037155432121431e+18,1.491248,0.2544659,-0.4741829,0.03470031,0.336486,0.1226852,0.9330175
1.4037155432621432e+18,1.49655,0.255459,-0.4709163,0.0384786,0.3367839,0.1249051,0.9324669
1.4037155433121431e+18,1.50077,0.2560271,-0.4686119,0.04023793,0.3372898,0.1273568,0.9318782
1.403715543362143e+18,1.504146,0.2606962,-0.4663856,0.04135086,0.3391721,0.1265069,0.9312617
1.4037155434121431e+18,1.50708,0.2620835,-0.4650198,0.04188735,0.3411795,0.1256988,0.9306136
1.403715543462143e+18,1.511898,0.2665743,-0.4644414,0.04119599,0.343128,0.1216366,0.9304679
1.4037155435121431e+18,1.51463,0.269257,-0.4646607,0.03957366,0.3460612,0.1181122,0.9299061
1.403715543562143e+18,1.518453,0.2720809,-0.4655612,0.04097922,0.3480683,0.114432,0.9295562
1.4037155436121434e+18,1.520199,0.2773849,-0.4669078,0.04526083,0.3508234,0.1095204,0.9289131
1.403715543662143e+18,1.521808,0.2804943,-0.468187,0.04913544,0.3541295,0.1028678,0.9282222
1.4037155437121431e+18,1.523692,0.2856443,-0.4711557,0.05212609,0.358596,0.09527325,0.9271541
1.4037155437621432e+18,1.5238,0.2884584,-0.4749739,0.05213664,0.3660441,0.08728369,0.925027
1.4037155438121431e+18,1.521605,0.2960053,-0.4777704,0.05267593,0.3760387,0.07865357,0.9217557
1.403715543862143e+18,1.520345,0.300657,-0.4814046,0.0494531,0.386586,0.07262226,0.9180586
1.4037155439121431e+18,1.51721,0.3074041,-0.4852307,0.04596743,0.3984825,0.06830007,0.9134736
1.403715543962143e+18,1.512259,0.3115469,-0.4905953,0.03867136,0.4108905,0.06783449,0.9083347
1.4037155440121431e+18,1.505408,0.3208028,-0.4940179,0.03313909,0.4253272,0.06683717,0.9019597
1.403715544062143e+18,1.495136,0.3254179,-0.4976355,0.02560906,0.441055,0.07033325,0.8943534
1.4037155441121434e+18,1.487593,0.3374822,-0.5019932,0.02327088,0.4537385,0.08173956,0.8870729
1.403715544162143e+18,1.482298,0.3490747,-0.5070938,0.02060889,0.465642,0.09672432,0.8794302
1.4037155442121431e+18,1.470524,0.3544413,-0.5094181,0.01565256,0.4813458,0.1133862,0.8690253
1.4037155442621432e+18,1.458036,0.3685469,-0.5115895,0.01500514,0.4986022,0.1277002,0.8572416
1.4037155443121431e+18,1.448523,0.3787168,-0.5146819,0.01218206,0.5142577,0.1447993,0.8452358
1.403715544362143e+18,1.434103,0.3966674,-0.5137621,0.01355136,0.5326796,0.1589633,0.8311434
1.4037155444121431e+18,1.417636,0.4101499,-0.5144538,0.01346352,0.5501073,0.17507,0.8164258
1.403715544462143e+18,1.406433,0.4219901,-0.5154243,0.01244618,0.5657975,0.1888356,0.8025333
1.4037155445121431e+18,1.388237,0.4387145,-0.5144556,0.01382837,0.5827667,0.1986474,0.7878647
1.403715544562143e+18,1.376318,0.4549514,-0.5179306,0.01467928,0.5950119,0.2074413,0.7763461
1.4037155446121434e+18,1.360748,0.4692068,-0.5202911,0.01571983,0.6063483,0.2134005,0.7658686
1.403715544662143e+18,1.340636,0.4701084,-0.5164372,0.01139543,0.6190858,0.220402,0.7536747
1.4037155447121431e+18,1.324802,0.4829005,-0.5185593,0.01514826,0.6275238,0.2183353,0.7472041
1.4037155447621432e+18,1.307374,0.4931015,-0.5200191,0.02029241,0.6349318,0.2143551,0.7419579
1.4037155448121431e+18,1.291264,0.4895811,-0.5292366,0.01879166,0.6381291,0.2135004,0.7394971
1.403715544862143e+18,1.269951,0.4937637,-0.5286073,0.02250142,0.6438156,0.2095395,0.735587
1.4037155449121431e+18,1.25096,0.4989345,-0.5328327,0.0246157,0.644915,0.2079583,0.7350047
1.403715544962143e+18,1.230023,0.4964353,-0.5386341,0.02150765,0.6451374,0.210048,0.7343125
1.4037155450121431e+18,1.210685,0.4918854,-0.5443373,0.01552163,0.6448011,0.2135298,0.7337543
1.403715545062143e+18,1.187152,0.4948406,-0.5477588,0.01455965,0.6464742,0.2148823,0.7319048
1.4037155451121434e+18,1.166394,0.4952717,-0.5516466,0.01209371,0.6487046,0.217324,0.7292506
1.403715545162143e+18,1.14603,0.4925823,-0.5582194,0.007982133,0.651474,0.2205643,0.7258577
1.4037155452121431e+18,1.123887,0.4861028,-0.5594117,0.003665931,0.6567612,0.2251172,0.7197037
1.4037155452621432e+18,1.101488,0.4947797,-0.5675755,0.003296185,0.6600901,0.2268381,0.7161106
1.4037155453121431e+18,1.077756,0.4885299,-0.5624356,-0.0003238107,0.6679443,0.2331524,0.7067462
1.403715545362143e+18,1.059197,0.4835799,-0.5711734,-0.003016246,0.6707783,0.2391055,0.7020511
1.4037155454121431e+18,1.039126,0.4856873,-0.5728501,0.001917156,0.6737869,0.2460097,0.6967687
1.403715545462143e+18,1.017615,0.490808,-0.5755828,0.009258667,0.6751425,0.2537632,0.6926045
1.4037155455121431e+18,0.9956787,0.4928962,-0.5787173,0.01631193,0.6759065,0.2617305,0.6887536
1.403715545562143e+18,0.9734293,0.4950135,-0.5826192,0.02287045,0.6765011,0.2685036,0.6853677
1.4037155456121434e+18,0.9537546,0.4930416,-0.588712,0.02759297,0.6759444,0.2753055,0.6830408
1.403715545662143e+18,0.9330329,0.4919847,-0.592303,0.03154046,0.6762601,0.2799667,0.6806585
1.4037155457121431e+18,0.9099209,0.4895183,-0.5955803,0.03303114,0.676326,0.2823748,0.6795266
1.4037155457621432e+18,0.8904755,0.4937631,-0.6047813,0.0331271,0.6742184,0.2823833,0.6816097
1.4037155458121431e+18,0.8695198,0.4951743,-0.6124353,0.03066589,0.6724326,0.2806015,0.6842199
1.403715545862143e+18,0.8478917,0.497106,-0.6186948,0.02836451,0.670487,0.2760204,0.6880808
1.4037155459121431e+18,0.8291534,0.5013524,-0.6269778,0.02376537,0.6668271,0.2699078,0.6942092
1.403715545962143e+18,0.8077533,0.5041006,-0.6356132,0.01891453,0.6620787,0.2615177,0.70207
1.4037155460121431e+18,0.7844684,0.5058159,-0.6427257,0.01279253,0.6561014,0.2524865,0.711068
1.403715546062143e+18,0.7620744,0.5072623,-0.6506936,0.008744601,0.6481194,0.2435249,0.7214986
1.4037155461121434e+18,0.7394652,0.5076511,-0.6584133,0.004472392,0.6379563,0.2350189,0.7333196
1.403715546162143e+18,0.7190639,0.5110257,-0.6672561,0.003471966,0.6242291,0.2277774,0.7472907
1.4037155462121431e+18,0.6965256,0.5139504,-0.675503,0.003142852,0.6095931,0.2201372,0.7615286
1.4037155462621432e+18,0.6737267,0.5148079,-0.6841092,0.002430145,0.5929735,0.2136365,0.7763606
1.4037155463121431e+18,0.6509302,0.5141459,-0.6937871,0.002373616,0.5747259,0.2087962,0.7912576
1.403715546362143e+18,0.630075,0.5161233,-0.7036288,0.00307705,0.5556074,0.2018029,0.806577
1.4037155464121431e+18,0.6079816,0.5168999,-0.7121262,0.001841721,0.5362762,0.1959566,0.8209783
1.403715546462143e+18,0.5858865,0.5163032,-0.7212613,0.00161187,0.5165642,0.1900734,0.8348837
1.4037155465121431e+18,0.5654221,0.5187466,-0.7324376,0.001290144,0.4947791,0.1834681,0.8494302
1.403715546562143e+18,0.5428208,0.5149445,-0.7396451,-0.0004155851,0.474989,0.1766324,0.8620827
1.4037155466121434e+18,0.5207807,0.5155547,-0.7494764,-0.002892395,0.4541939,0.1680962,0.874896
1.403715546662143e+18,0.4990712,0.5149105,-0.7572858,-0.008146597,0.4335681,0.1602462,0.8867206
1.4037155467121431e+18,0.4785026,0.5162511,-0.7663932,-0.01483463,0.4112964,0.152352,0.8985568
1.4037155467621432e+18,0.4583051,0.5163581,-0.7741901,-0.02553099,0.3886216,0.1468609,0.9092599
1.4037155468121431e+18,0.4361517,0.5164579,-0.7813681,-0.03624591,0.3653516,0.1424813,0.9191865
1.403715546862143e+18,0.4161462,0.5166749,-0.7894762,-0.04337636,0.3416879,0.1391941,0.9284357
1.4037155469121431e+18,0.3988529,0.5172275,-0.7966361,-0.04663931,0.3186797,0.1351923,0.9370119
1.403715546962143e+18,0.3771333,0.5159425,-0.8030723,-0.05207885,0.2988275,0.1232544,0.9448799
1.4037155470121431e+18,0.360499,0.5153021,-0.808369,-0.05548373,0.2800369,0.1092973,0.9521317
1.403715547062143e+18,0.3450624,0.5172479,-0.8114755,-0.05775343,0.2601007,0.09613734,0.9590462
1.4037155471121434e+18,0.3282044,0.5159028,-0.814943,-0.05903063,0.2405337,0.08566773,0.9650493
1.403715547162143e+18,0.3128608,0.5170389,-0.815843,-0.05931785,0.2204148,0.07319457,0.9708458
1.4037155472121431e+18,0.2972822,0.5152712,-0.8184725,-0.0592645,0.1998835,0.06213965,0.9760496
1.4037155472621432e+18,0.2813363,0.5123717,-0.82249,-0.05946013,0.1803363,0.05036619,0.9805134
1.4037155473121431e+18,0.2659343,0.5114108,-0.820261,-0.05994558,0.1619189,0.03837949,0.9842337
1.403715547362143e+18,0.2516319,0.5061753,-0.8229262,-0.06128107,0.1432266,0.03049489,0.9873201
1.4037155474121431e+18,0.2368381,0.5037728,-0.82058,-0.06343208,0.1254675,0.02405875,0.9897754
1.403715547462143e+18,0.2229384,0.5006835,-0.8192794,-0.0677517,0.1072694,0.01762225,0.9917622
1.4037155475121431e+18,0.2087402,0.4984985,-0.8141846,-0.07126985,0.08977933,0.01173088,0.9933392
1.403715547562143e+18,0.1925196,0.493829,-0.8087903,-0.07512259,0.07214937,0.004202462,0.9945518
1.4037155476121434e+18,0.1777071,0.4905466,-0.8030202,-0.07631364,0.05329362,-0.00325754,0.9956532
1.403715547662143e+18,0.1635948,0.4894595,-0.7914047,-0.07700276,0.03545601,-0.01208889,0.9963269
1.4037155477121431e+18,0.1506315,0.4848071,-0.7832716,-0.07856558,0.0168459,-0.0219733,0.9965243
1.4037155477621432e+18,0.1367742,0.4811207,-0.7709116,-0.07867475,-0.001588824,-0.03119281,0.996411
1.4037155478121431e+18,0.1182302,0.4749477,-0.7570053,-0.07907185,-0.01862451,-0.03897888,0.9959324
1.403715547862143e+18,0.1034944,0.4697332,-0.7450281,-0.07797075,-0.03739135,-0.04642435,0.9951719
1.4037155479121431e+18,0.08339128,0.4625004,-0.7270277,-0.07366285,-0.05370092,-0.05363338,0.994391
1.403715547962143e+18,0.07586879,0.4594532,-0.7130151,-0.0659185,-0.07184248,-0.05841461,0.9935195
1.4037155480121431e+18,0.06622842,0.4537811,-0.7009934,-0.0554411,-0.08901772,-0.05953031,0.9927026
1.403715548062143e+18,0.04684864,0.4437969,-0.6827408,-0.04472101,-0.09991952,-0.06264476,0.9920139
1.4037155481121434e+18,0.03342028,0.4378463,-0.665843,-0.03137548,-0.1100458,-0.06542289,0.9912747
1.403715548162143e+18,0.009226382,0.4259166,-0.6465377,-0.02220169,-0.1152138,-0.06764843,0.9907858
1.4037155482121431e+18,-0.007824615,0.4190629,-0.6278872,-0.01231411,-0.1196212,-0.07087103,0.9902102
1.4037155482621432e+18,-0.03087147,0.4089073,-0.6062519,-0.004629337,-0.1213255,-0.07366846,0.9898644
1.4037155483121431e+18,-0.04768752,0.4023834,-0.5851052,0.001653129,-0.1237485,-0.07497425,0.9894758
1.403715548362143e+18,-0.06929883,0.3951836,-0.5605255,0.003825449,-0.123298,-0.0759702,0.98945
1.4037155484121431e+18,-0.08826077,0.3896358,-0.5406082,0.00582569,-0.1224329,-0.07799077,0.9893907
1.403715548462143e+18,-0.1086404,0.3849222,-0.5217927,0.005291093,-0.121186,-0.07701419,0.9896237
1.4037155485121431e+18,-0.1300354,0.3807044,-0.5009247,0.004544067,-0.120105,-0.07540462,0.9898831
1.403715548562143e+18,-0.1433008,0.3838288,-0.4774528,0.005605913,-0.1213281,-0.07097438,0.9900559
1.4037155486121434e+18,-0.1638799,0.3801349,-0.457094,0.0042886,-0.1206097,-0.06718361,0.9904148
1.403715548662143e+18,-0.1869249,0.3749658,-0.4380303,0.002625037,-0.1183509,-0.06399702,0.9909039
1.4037155487121431e+18,-0.208973,0.3702663,-0.4167926,0.002146448,-0.1169726,-0.06021985,0.9913054
1.4037155487621432e+18,-0.2299276,0.3676731,-0.3973266,0.002947657,-0.1156968,-0.05718535,0.9916326
1.4037155488121431e+18,-0.2513594,0.3641933,-0.3765573,0.002059077,-0.1139038,-0.05515661,0.9919573
1.403715548862143e+18,-0.2695477,0.3587183,-0.3563299,0.002131866,-0.1132006,-0.05341456,0.992133
1.4037155489121431e+18,-0.2940089,0.3557065,-0.3354422,0.003250051,-0.1111653,-0.05058687,0.9925082
1.403715548962143e+18,-0.3155318,0.3522343,-0.3157082,0.004075737,-0.1112691,-0.04964991,0.992541
1.4037155490121431e+18,-0.3409123,0.3487189,-0.2992055,0.005292383,-0.1113729,-0.04966533,0.9925228
1.403715549062143e+18,-0.3615741,0.3478987,-0.2768385,0.009022796,-0.1165463,-0.05018918,0.9918752
1.4037155491121434e+18,-0.3843129,0.343418,-0.2570953,0.01388016,-0.121856,-0.05055166,0.9911625
1.403715549162143e+18,-0.4093382,0.3353788,-0.2403297,0.01948701,-0.1256357,-0.05223074,0.9905089
1.4037155492121431e+18,-0.4296916,0.3300309,-0.2220998,0.0267316,-0.1303581,-0.05323697,0.9896758
1.4037155492621432e+18,-0.454502,0.3259307,-0.2042837,0.03550825,-0.1340361,-0.05299923,0.9889209
1.4037155493121431e+18,-0.4721105,0.3230088,-0.186045,0.0424324,-0.1394196,-0.05407082,0.9878451
1.403715549362143e+18,-0.4986759,0.3168629,-0.1716211,0.04524208,-0.143336,-0.04926392,0.9874112
1.4037155494121431e+18,-0.5133839,0.3175446,-0.1561782,0.04694502,-0.1510676,-0.04342629,0.9864528
1.403715549462143e+18,-0.5369287,0.3146762,-0.1412766,0.04447971,-0.155577,-0.0354792,0.9861839
1.4037155495121431e+18,-0.5567281,0.3080359,-0.1272643,0.03810028,-0.1601954,-0.03042865,0.9858802
1.403715549562143e+18,-0.5745606,0.3069722,-0.1127578,0.03001483,-0.1644785,-0.02626742,0.985574
1.4037155496121434e+18,-0.5910185,0.3050311,-0.09963721,0.022197,-0.1673499,-0.02083847,0.9854273
1.403715549662143e+18,-0.6027327,0.3069578,-0.08425032,0.0153363,-0.1697981,-0.01480137,0.9852483
1.4037155497121431e+18,-0.6175967,0.3041983,-0.07318082,0.01090774,-0.1673649,-0.006932495,0.9858104
1.4037155497621432e+18,-0.633296,0.2981985,-0.06059249,0.007138076,-0.1620748,0.0001073415,0.9867527
1.4037155498121431e+18,-0.6445957,0.2960671,-0.04735933,0.009032314,-0.1552357,0.007944154,0.9878042
1.403715549862143e+18,-0.6550803,0.2928595,-0.03450935,0.01055195,-0.1466719,0.01606637,0.9889984
1.4037155499121431e+18,-0.6655171,0.2896617,-0.02082525,0.01015197,-0.1363854,0.0264654,0.9902502
1.403715549962143e+18,-0.673002,0.2854407,-0.006912768,0.009327819,-0.1259651,0.03851523,0.9912429
1.4037155500121431e+18,-0.6801484,0.2787997,0.006554276,0.005976561,-0.1124113,0.05173887,0.9922958
1.403715550062143e+18,-0.6848509,0.2772632,0.02179798,0.004288245,-0.09639769,0.06308729,0.9933323
1.4037155501121434e+18,-0.6705772,0.2816555,0.03089339,0.005791442,-0.08552838,0.070157,0.9938457
1.403715550162143e+18,-0.6701341,0.2774189,0.0429797,0.003830275,-0.06585659,0.07197282,0.9952226
1.4037155502121431e+18,-0.668558,0.2713702,0.05637822,0.002330168,-0.04521792,0.07302094,0.9963022
1.4037155502621432e+18,-0.6653391,0.2651951,0.06788138,0.0007312654,-0.02532161,0.07406911,0.9969313
1.4037155503121431e+18,-0.6615795,0.2530363,0.07929809,-0.003532651,-0.004655542,0.07515913,0.9971544
1.403715550362143e+18,-0.6557723,0.2415599,0.09082995,-0.00393721,0.01501033,0.07645375,0.9969523
1.4037155504121431e+18,-0.6491635,0.2310641,0.1020594,-0.002064561,0.03592569,0.07701965,0.9963799
1.403715550462143e+18,-0.6412496,0.2119713,0.1099917,-0.004068702,0.05688207,0.0771195,0.9953896
1.4037155505121431e+18,-0.6361256,0.1962414,0.1241765,-0.004025595,0.08069117,0.07928994,0.9935722
1.403715550562143e+18,-0.6284783,0.1857314,0.1352846,-0.00341891,0.1017424,0.08122268,0.9914835
1.4037155506121434e+18,-0.6128658,0.1791341,0.1485853,-0.0008675318,0.1192158,0.08826707,0.9889368
1.403715550662143e+18,-0.6057469,0.1680341,0.1616556,-0.0002482668,0.1395896,0.09631088,0.9855146
1.4037155507121431e+18,-0.5926521,0.1573952,0.1751521,-0.0002685346,0.1581666,0.1076274,0.9815292
1.4037155507621432e+18,-0.5799256,0.1518518,0.1897486,0.001758196,0.174535,0.1196727,0.9773499
1.4037155508121431e+18,-0.5676392,0.1451447,0.201022,0.003433956,0.1904596,0.1334194,0.9725803
1.403715550862143e+18,-0.5524488,0.1415168,0.2152314,0.005222073,0.2067255,0.1470774,0.9672672
1.4037155509121431e+18,-0.5378786,0.1410605,0.2265216,0.008485708,0.2215825,0.1597713,0.9619265
1.403715550962143e+18,-0.5217994,0.1361683,0.2416338,0.008646032,0.2385813,0.1701668,0.9560583
1.4037155510121431e+18,-0.5030715,0.1352376,0.2528409,0.0100132,0.2552916,0.1789262,0.9501112
1.403715551062143e+18,-0.4844701,0.133572,0.2623437,0.01110569,0.2735502,0.1822248,0.9443735
1.4037155511121434e+18,-0.4639585,0.1301653,0.2735384,0.01173539,0.2927882,0.1851612,0.9380046
1.403715551162143e+18,-0.4439451,0.1253189,0.285802,0.01199245,0.3145419,0.1869546,0.9305737
1.4037155512121431e+18,-0.4197739,0.119537,0.2907983,0.01297922,0.3292608,0.1934388,0.9241215
1.4037155512621432e+18,-0.3933122,0.1150738,0.293702,0.01742865,0.344311,0.2010273,0.9169155
1.4037155513121431e+18,-0.3701426,0.1090847,0.2989889,0.02048305,0.3611627,0.2100319,0.9083108
1.403715551362143e+18,-0.344183,0.1023832,0.3018375,0.02263733,0.3767326,0.219617,0.8996268
1.4037155514121431e+18,-0.3171646,0.1000155,0.3041911,0.02765725,0.393081,0.2288928,0.8901296
1.403715551462143e+18,-0.2896491,0.09411548,0.3063828,0.0302359,0.4101596,0.2354275,0.8805843
1.4037155515121431e+18,-0.2590938,0.08892167,0.3060537,0.03217766,0.4266818,0.2406437,0.8712047
1.403715551562143e+18,-0.2300087,0.08748357,0.3046342,0.03614281,0.4455289,0.2425259,0.8610337
1.4037155516121434e+18,-0.2031541,0.08048043,0.3032432,0.03537755,0.4646919,0.2412237,0.8512467
1.403715551662143e+18,-0.1669505,0.08082226,0.2992999,0.03858656,0.4850836,0.2366925,0.8409409
1.4037155517121431e+18,-0.1350122,0.07623322,0.2955635,0.04119419,0.5060498,0.2314138,0.8298579
1.4037155517621432e+18,-0.1052487,0.0801012,0.2976655,0.04612418,0.5275264,0.2268974,0.8173774
1.4037155518121431e+18,-0.07395619,0.07539315,0.2887263,0.0514097,0.544538,0.2261355,0.8060384
1.403715551862143e+18,-0.04104187,0.07815865,0.285035,0.05934395,0.5627015,0.2240609,0.7934998
1.4037155519121431e+18,-0.01591043,0.07581585,0.2714573,0.06802989,0.5777687,0.2235475,0.7820368
1.403715551962143e+18,0.01342927,0.07939675,0.2602745,0.07512747,0.5951242,0.2213407,0.7688895
1.4037155520121431e+18,0.03607449,0.07507995,0.2510438,0.07461873,0.613284,0.2179135,0.7555318
1.403715552062143e+18,0.06282701,0.0779506,0.2390701,0.06939913,0.6302578,0.214788,0.7428491
1.4037155521121434e+18,0.0849596,0.07400236,0.2236433,0.06433599,0.6443002,0.2170223,0.7305062
1.403715552162143e+18,0.108095,0.08362906,0.2181132,0.06190644,0.6597348,0.2175862,0.7166405
1.4037155522121431e+18,0.1268463,0.08011909,0.2084481,0.05898686,0.6756315,0.2171561,0.7020584
1.4037155522621432e+18,0.144114,0.07580493,0.1912785,0.05626247,0.6908849,0.2146212,0.6880771
1.4037155523121431e+18,0.163391,0.08376503,0.1853914,0.05963176,0.7072755,0.2102315,0.6723154
1.403715552362143e+18,0.1798209,0.08503541,0.1586322,0.05926882,0.7194418,0.2107561,0.6591452
1.4037155524121431e+18,0.19945,0.08660614,0.1467831,0.05726922,0.7339296,0.2117537,0.6428282
1.403715552462143e+18,0.2106944,0.08681551,0.1404195,0.05607129,0.7499367,0.2125743,0.6239094
1.4037155525121431e+18,0.2254831,0.0937305,0.121078,0.05840839,0.7618811,0.2157932,0.6079134
1.403715552562143e+18,0.2322968,0.09614696,0.1142868,0.06127303,0.7764754,0.2186667,0.5878067
1.4037155526121434e+18,0.2432643,0.0952924,0.09830044,0.06429858,0.7891486,0.2229271,0.5686945
1.403715552662143e+18,0.2521335,0.1007026,0.08336921,0.0698383,0.8010266,0.2279041,0.5491256
1.4037155527121431e+18,0.2557466,0.1016516,0.07286873,0.07290184,0.8130394,0.2347629,0.5277674
1.4037155527621432e+18,0.2594376,0.1047325,0.06167252,0.07578167,0.8246347,0.2428568,0.5052282
1.4037155528121431e+18,0.2629711,0.1055773,0.05458117,-0.07729679,-0.8364839,-0.250597,-0.4811662
1.403715552862143e+18,0.2630554,0.103959,0.03268748,-0.07655116,-0.8450068,-0.2610522,-0.4603861
1.4037155529121431e+18,0.2618295,0.1078651,0.02008904,-0.07940696,-0.8536676,-0.272732,-0.4365357
1.403715552962143e+18,0.258513,0.1147515,0.01376955,-0.08370711,-0.8616127,-0.2837209,-0.4124548
1.4037155530121431e+18,0.2489798,0.1156521,-0.003317513,-0.08722917,-0.8673347,-0.2963152,-0.3902804
1.403715553062143e+18,0.241421,0.1218051,-0.01300277,-0.09235073,-0.8738157,-0.3059083,-0.3665209
1.4037155531121434e+18,0.2324378,0.1277505,-0.02471928,-0.09456484,-0.8801887,-0.3134234,-0.3436442
1.403715553162143e+18,0.2252401,0.1352299,-0.03139426,-0.0946435,-0.8886873,-0.3154142,-0.3190473
1.4037155532121431e+18,0.2102657,0.1438116,-0.05094127,-0.09447584,-0.8956509,-0.3158905,-0.2984909
1.4037155532621432e+18,0.1948184,0.1497753,-0.0644003,-0.09786826,-0.902505,-0.3155732,-0.2762608
1.4037155533121431e+18,0.1770077,0.1588917,-0.0765653,-0.09851404,-0.9107939,-0.3100225,-0.254235
1.403715553362143e+18,0.160221,0.1605071,-0.0876421,-0.09584262,-0.9201743,-0.3017869,-0.2302563
1.4037155534121431e+18,0.1425472,0.1736387,-0.09425103,-0.09181183,-0.9302283,-0.2894122,-0.2061221
1.403715553462143e+18,0.1151595,0.1712434,-0.1121866,-0.08196415,-0.9387397,-0.2793708,-0.1843957
1.4037155535121431e+18,0.09705427,0.1794997,-0.118777,-0.0733797,-0.9476241,-0.2665042,-0.1599988
1.403715553562143e+18,0.06437254,0.1900123,-0.1317351,-0.06582173,-0.9538302,-0.2570146,-0.1407807
1.4037155536121434e+18,0.03946671,0.200278,-0.1391871,-0.05746759,-0.9587165,-0.2509913,-0.1206805
1.403715553662143e+18,0.01970569,0.2068846,-0.1386185,-0.04650653,-0.9628521,-0.2462108,-0.1006631
1.4037155537121431e+18,-0.01583037,0.2051458,-0.1465814,-0.03888405,-0.9630243,-0.2515341,-0.08833257
1.4037155537621432e+18,-0.03791286,0.2074031,-0.1467102,-0.02732971,-0.9614315,-0.2630463,-0.07555841
1.4037155538121431e+18,-0.06992855,0.219823,-0.1448812,-0.01855233,-0.9584393,-0.2765567,-0.06757618
1.403715553862143e+18,-0.1002577,0.2233324,-0.1439746,-0.008162485,-0.9543344,-0.2923369,-0.06098002
1.4037155539121431e+18,-0.1282376,0.2252693,-0.1426167,0.001789571,-0.9502184,-0.3065366,-0.05583215
1.403715553962143e+18,-0.1585984,0.227414,-0.1377013,0.007671773,-0.9454894,-0.3212766,-0.05265138
1.4037155540121431e+18,-0.1880408,0.2266124,-0.1342668,0.01170457,-0.9396224,-0.3383074,-0.05020748
1.403715554062143e+18,-0.2189013,0.2273203,-0.1358132,0.01233347,-0.9325979,-0.3571502,-0.05052389
1.4037155541121434e+18,-0.2483315,0.2332334,-0.1297508,0.01281675,-0.9260275,-0.3738902,-0.05014716
1.403715554162143e+18,-0.2758744,0.2355695,-0.1256167,0.01452742,-0.9188924,-0.3910522,-0.05004135
1.4037155542121431e+18,-0.3036227,0.238272,-0.1238514,0.01480435,-0.9129974,-0.4045519,-0.05053949
1.4037155542621432e+18,-0.3351928,0.2422757,-0.1263109,0.01690908,-0.908024,-0.4151847,-0.05317937
1.4037155543121431e+18,-0.3656092,0.2502769,-0.1249717,0.02258003,-0.9049894,-0.4212128,-0.05535379
1.403715554362143e+18,-0.4004217,0.2528198,-0.1285747,0.03514656,-0.9028791,-0.4242022,-0.06022083
1.4037155544121431e+18,-0.4240921,0.2518907,-0.1370178,0.05632993,-0.9027783,-0.4214329,-0.06490369
1.403715554462143e+18,-0.4297267,0.2669781,-0.1323532,0.08861335,-0.9088241,-0.4020007,-0.06768853
1.4037155545121431e+18,-0.4669811,0.2707299,-0.1427221,0.1236492,-0.9122444,-0.3819125,-0.08163146
1.403715554562143e+18,-0.4880589,0.2842964,-0.1483265,0.1598096,-0.9152654,-0.3585342,-0.09057153
1.4037155546121434e+18,-0.5044078,0.2904331,-0.1533138,0.1944682,-0.9166598,-0.3353145,-0.09737047
1.403715554662143e+18,-0.5201198,0.3007548,-0.159,0.2229208,-0.9165133,-0.3155545,-0.1036092
1.4037155547121431e+18,-0.5291173,0.3132575,-0.1643247,0.2434325,-0.9161599,-0.2997047,-0.1075577
1.4037155547621432e+18,-0.5304317,0.3251894,-0.1646263,0.2593441,-0.9160562,-0.2858963,-0.108836
1.4037155548121431e+18,-0.5304804,0.3354406,-0.1665176,0.2709226,-0.9166945,-0.2720219,-0.1107978
1.403715554862143e+18,-0.5244931,0.3429523,-0.165861,0.2721885,-0.9193407,-0.2610552,-0.1121434
1.4037155549121431e+18,-0.5106226,0.3480619,-0.1642521,0.2663954,-0.9229984,-0.2542171,-0.1117187
1.403715554962143e+18,-0.4909933,0.349941,-0.1616578,0.2551371,-0.9287555,-0.2450874,-0.1106814
1.4037155550121431e+18,-0.4653407,0.3466259,-0.1547257,0.2283192,-0.935595,-0.2469333,-0.1074992
1.403715555062143e+18,-0.4327719,0.3427481,-0.1463724,0.1902768,-0.9418204,-0.2570847,-0.1033263
1.4037155551121434e+18,-0.3976767,0.3346688,-0.137821,0.1419562,-0.945955,-0.2740874,-0.09946816
1.403715555162143e+18,-0.3560586,0.3192644,-0.1281315,0.09482548,-0.945709,-0.2961506,-0.09453678
1.4037155552121431e+18,-0.3200493,0.309351,-0.1190635,0.04711132,-0.9429834,-0.3163402,-0.09214929
1.4037155552621432e+18,-0.2762744,0.2940501,-0.1060147,-0.005860159,-0.9360679,-0.3404375,-0.08857206
1.4037155553121431e+18,-0.2426737,0.2916893,-0.09318333,-0.05542449,-0.9281828,-0.3572881,-0.08803376
1.403715555362143e+18,-0.2121171,0.2810502,-0.08407155,-0.08378841,-0.921686,-0.3683799,-0.08815061
1.4037155554121431e+18,-0.1750326,0.2794177,-0.07221334,-0.1015368,-0.9190552,-0.3708879,-0.08642875
1.403715555462143e+18,-0.1428941,0.2784625,-0.0594509,-0.102898,-0.9213987,-0.3648039,-0.08575763
1.4037155555121431e+18,-0.1171289,0.2698806,-0.05057274,-0.09795485,-0.9241114,-0.3591978,-0.08602238
1.403715555562143e+18,-0.08869247,0.2640366,-0.0445952,-0.08585421,-0.9281069,-0.3519066,-0.0860709
1.4037155556121434e+18,-0.06453165,0.2565269,-0.03594249,-0.07554475,-0.9311562,-0.3459021,-0.08713651
1.403715555662143e+18,-0.04383686,0.2456768,-0.03107646,-0.0634521,-0.9326228,-0.3438034,-0.08937471
1.4037155557121431e+18,-0.02180159,0.2317004,-0.02703071,-0.05392459,-0.9322256,-0.3460869,-0.09094646
1.4037155557621432e+18,-0.002952706,0.2233467,-0.02057933,-0.05440203,-0.9307131,-0.349205,-0.09417725
1.4037155558121431e+18,0.0113242,0.210596,-0.01630314,-0.05942641,-0.9278305,-0.3550318,-0.09773255
1.403715555862143e+18,0.02860777,0.1977102,-0.01338319,-0.06730778,-0.9248486,-0.3607452,-0.0999376
1.4037155559121431e+18,0.04088362,0.1865854,-0.01032997,-0.07205042,-0.9231578,-0.3633291,-0.1028607
1.403715555962143e+18,0.05453933,0.1690746,-0.009598005,-0.07551268,-0.9208095,-0.3680547,-0.1046101
1.4037155560121431e+18,0.06161761,0.1577725,-0.008984547,-0.08327312,-0.9179433,-0.372761,-0.1072135
1.403715556062143e+18,0.07527986,0.144416,-0.009097869,-0.09477204,-0.9139944,-0.379666,-0.1071731
1.4037155561121434e+18,0.08329491,0.132982,-0.007922345,-0.1024311,-0.9118075,-0.3827431,-0.1078081
1.403715556162143e+18,0.08712563,0.120978,-0.01072846,-0.1056359,-0.9121228,-0.3808851,-0.1086251
1.4037155562121431e+18,0.09315263,0.1131026,-0.01138692,-0.1073911,-0.9143863,-0.3750547,-0.10816
1.4037155562621432e+18,0.09440352,0.1045144,-0.01536465,-0.1057504,-0.9171274,-0.3685865,-0.1088026
1.4037155563121431e+18,0.09723827,0.09192238,-0.01106295,-0.1018368,-0.9201989,-0.3624361,-0.1072545
1.403715556362143e+18,0.09046779,0.08409231,-0.0168455,-0.09801604,-0.9215512,-0.3591508,-0.1102125
1.4037155564121431e+18,0.08769056,0.07874285,-0.01891351,-0.09269007,-0.9234799,-0.3551547,-0.1116188
1.403715556462143e+18,0.07864277,0.07336748,-0.02376902,-0.0823964,-0.9248278,-0.3532912,-0.11441
1.4037155565121431e+18,0.07149445,0.0705491,-0.0282314,-0.06412846,-0.926367,-0.3523337,-0.1165868
1.403715556562143e+18,0.06052418,0.06765042,-0.03258176,-0.04567925,-0.9272307,-0.3520586,-0.1192112
1.4037155566121434e+18,0.05109318,0.06798024,-0.03349376,-0.03025052,-0.9280376,-0.3509937,-0.1209728
1.403715556662143e+18,0.03743794,0.06548563,-0.03839471,-0.01821953,-0.9264226,-0.3551596,-0.123575
1.4037155567121431e+18,0.02534153,0.06596477,-0.04460692,-0.008767773,-0.9239698,-0.3610926,-0.1257574
1.4037155567621432e+18,0.01399578,0.07078715,-0.0473629,-0.0003058054,-0.9224562,-0.364396,-0.1276332
1.4037155568121431e+18,0.004282113,0.07531281,-0.04882293,0.009941149,-0.9230081,-0.3624898,-0.1286798
1.403715556862143e+18,-0.008391762,0.08411372,-0.05199536,0.01732631,-0.9239209,-0.3592478,-0.1304256
1.4037155569121431e+18,-0.01339168,0.0852336,-0.05642269,0.02640405,-0.9244373,-0.35742,-0.1302672
1.403715556962143e+18,-0.02563509,0.09153703,-0.05965967,0.0319019,-0.9249706,-0.3553351,-0.1309525
1.4037155570121431e+18,-0.03751738,0.09613854,-0.06732908,0.03252355,-0.9229147,-0.3602343,-0.1319163
1.403715557062143e+18,-0.04191522,0.1066354,-0.06848858,0.03031272,-0.920813,-0.3661993,-0.1306999
1.4037155571121434e+18,-0.05150124,0.1073812,-0.0752209,0.02705455,-0.916548,-0.3769952,-0.1306991
1.403715557162143e+18,-0.05905171,0.1113929,-0.08188426,0.02233976,-0.9122822,-0.3877879,-0.1298555
1.4037155572121431e+18,-0.06666806,0.1174948,-0.09021275,0.01826908,-0.9085845,-0.3968087,-0.1291635
1.4037155572621432e+18,-0.07537989,0.1241353,-0.09899539,0.01468016,-0.9050728,-0.4050437,-0.1287136
1.4037155573121431e+18,-0.08153825,0.1282464,-0.109758,0.01393457,-0.9028661,-0.4103936,-0.1273407
1.403715557362143e+18,-0.09181471,0.1372438,-0.120914,0.01238748,-0.901282,-0.413909,-0.1273441
1.4037155574121431e+18,-0.0927484,0.1416968,-0.1353311,0.01190944,-0.9014288,-0.4144056,-0.1247083
1.403715557462143e+18,-0.1018489,0.1509073,-0.1490273,0.01205104,-0.9040338,-0.4087384,-0.124541
1.4037155575121431e+18,-0.1055908,0.1573913,-0.1652326,0.01468577,-0.9085349,-0.399043,-0.1229356
1.403715557562143e+18,-0.112814,0.1675915,-0.1818281,0.0176588,-0.9136453,-0.3871751,-0.1226206
1.4037155576121434e+18,-0.1187766,0.1728686,-0.2010885,0.02235745,-0.9173287,-0.3783975,-0.1217518
1.403715557662143e+18,-0.1212407,0.1853241,-0.2171711,0.02640482,-0.9218982,-0.3673901,-0.1201302
1.4037155577121431e+18,-0.1257687,0.1947507,-0.2376359,0.03145229,-0.9251866,-0.358953,-0.1191346
1.4037155577621432e+18,-0.1255142,0.2065279,-0.2532059,0.03272422,-0.9279841,-0.3525136,-0.1162266
1.4037155578121431e+18,-0.1288737,0.2118972,-0.2738457,0.03087678,-0.9286451,-0.3516194,-0.1141432
1.403715557862143e+18,-0.1419924,0.2182764,-0.2991672,0.02779211,-0.9282756,-0.352635,-0.1148058
1.4037155579121431e+18,-0.1468296,0.2243072,-0.320687,0.0247536,-0.9280483,-0.3541859,-0.1125429
1.403715557962143e+18,-0.147947,0.2299789,-0.3400308,0.02221278,-0.9284341,-0.3543951,-0.1091822
1.4037155580121431e+18,-0.1508548,0.234984,-0.361631,0.0193557,-0.9287628,-0.3544939,-0.1065784
1.403715558062143e+18,-0.1484339,0.2390797,-0.3826051,0.01947737,-0.929274,-0.354225,-0.1029324
1.4037155581121434e+18,-0.1486571,0.2429826,-0.40349,0.01837493,-0.9290302,-0.3556557,-0.1003719
1.403715558162143e+18,-0.1485382,0.2412507,-0.4280629,0.01967351,-0.9280438,-0.3587195,-0.09832643
1.4037155582121431e+18,-0.1513603,0.2460162,-0.4501156,0.02344337,-0.9277344,-0.3594932,-0.0975897
1.4037155582621432e+18,-0.1521846,0.2479769,-0.4719855,0.02758168,-0.9277644,-0.3595055,-0.09616695
1.4037155583121431e+18,-0.1503566,0.2505925,-0.4972189,0.03684395,-0.9284269,-0.3572085,-0.09522603
1.403715558362143e+18,-0.1486858,0.2534312,-0.5204104,0.04222427,-0.930546,-0.3513957,-0.09392791
1.4037155584121431e+18,-0.1514722,0.25713,-0.5443185,0.04568813,-0.9330034,-0.3440939,-0.09495497
1.403715558462143e+18,-0.153704,0.2588968,-0.5723647,0.0417357,-0.9361041,-0.3354836,-0.09704565
1.4037155585121431e+18,-0.1437544,0.2645685,-0.5917827,0.03696328,-0.9411033,-0.3225133,-0.09457145
1.403715558562143e+18,-0.1427982,0.2700326,-0.6121029,0.03021234,-0.9453868,-0.3102408,-0.09529729
1.4037155586121434e+18,-0.1453832,0.2766823,-0.6371392,0.02378665,-0.9484627,-0.3005325,-0.09763748
1.403715558662143e+18,-0.1449631,0.2825809,-0.6577308,0.01897199,-0.94978,-0.2963603,-0.09863307
1.4037155587121431e+18,-0.1366514,0.2920267,-0.6728202,0.01659396,-0.9514402,-0.2914481,-0.09769607
1.4037155587621432e+18,-0.1371024,0.3000382,-0.6917188,0.01519053,-0.9511639,-0.2912093,-0.1012593
1.4037155588121431e+18,-0.1339691,0.3065517,-0.7064118,0.01734392,-0.9509532,-0.290055,-0.1060899
1.403715558862143e+18,-0.1306281,0.3133517,-0.7205029,0.02110438,-0.9503496,-0.2891623,-0.1130281
1.4037155589121431e+18,-0.1250059,0.3222933,-0.7315459,0.02671488,-0.9501117,-0.2867476,-0.1197902
1.403715558962143e+18,-0.1231213,0.3257778,-0.7459887,0.03125208,-0.9489982,-0.2856982,-0.1296236
1.4037155590121431e+18,-0.1186505,0.329613,-0.7576369,0.03757696,-0.9478467,-0.2842697,-0.1391594
1.403715559062143e+18,-0.1136115,0.3356541,-0.766533,0.04080372,-0.9466119,-0.282531,-0.1497914
1.4037155591121434e+18,-0.109256,0.3396871,-0.7752621,0.04051427,-0.9453274,-0.2802387,-0.1618048
1.403715559162143e+18,-0.1060792,0.3413409,-0.7839864,0.04020719,-0.9432586,-0.2794397,-0.1748135
1.4037155592121431e+18,-0.1034504,0.343853,-0.7906032,0.04023231,-0.9413237,-0.2767602,-0.1889304
1.4037155592621432e+18,-0.09558111,0.3441204,-0.7942299,0.04192188,-0.9394571,-0.2745861,-0.200662
1.4037155593121431e+18,-0.08975011,0.3482155,-0.7950804,0.04352568,-0.937602,-0.2706383,-0.2139222
1.403715559362143e+18,-0.0822663,0.3495569,-0.7981452,0.04699201,-0.9345219,-0.2695902,-0.2275556
1.4037155594121431e+18,-0.07890645,0.349205,-0.8042185,0.04881815,-0.9297407,-0.2725717,-0.2427007
1.403715559462143e+18,-0.07499725,0.3486573,-0.8049599,0.05289741,-0.9241098,-0.2789051,-0.2558022
1.4037155595121431e+18,-0.0689159,0.3494698,-0.8020259,0.05272835,-0.9180629,-0.2887027,-0.2665159
1.403715559562143e+18,-0.06059647,0.3504986,-0.8015506,0.04862778,-0.9119093,-0.3002219,-0.275542
1.4037155596121434e+18,-0.05711073,0.3536138,-0.8004184,0.04237811,-0.9064754,-0.3085787,-0.2851061
1.403715559662143e+18,-0.04996836,0.3561091,-0.7971603,0.0400453,-0.9022651,-0.3142995,-0.2924552
1.4037155597121431e+18,-0.04157257,0.3601716,-0.793066,0.04131512,-0.8989403,-0.3175174,-0.2989682
1.4037155597621432e+18,-0.03458905,0.3654619,-0.788983,0.04380715,-0.896271,-0.3171865,-0.3068743
1.4037155598121431e+18,-0.02466646,0.3718634,-0.7805058,0.04616658,-0.8942924,-0.315728,-0.3137289
1.403715559862143e+18,-0.01806146,0.3743566,-0.7781314,0.04755065,-0.8903698,-0.3166932,-0.323552
1.4037155599121431e+18,-0.008181542,0.3792431,-0.7740432,0.0516475,-0.8867546,-0.3152332,-0.3341059
1.403715559962143e+18,-0.001448691,0.3828732,-0.7679547,0.05575831,-0.882748,-0.3132597,-0.3457098
1.4037155600121431e+18,0.01046857,0.3880018,-0.7621436,0.06043641,-0.8788918,-0.3111215,-0.3565108
1.403715560062143e+18,0.02455166,0.3928635,-0.7499319,0.0619529,-0.8749045,-0.3082961,-0.368317
1.4037155601121434e+18,0.03730282,0.3959893,-0.7427166,0.06546597,-0.8702193,-0.3068426,-0.3798421
1.403715560162143e+18,0.04897827,0.396267,-0.7360956,0.06393342,-0.8647547,-0.3066226,-0.3925484
1.4037155602121431e+18,0.06525004,0.3972583,-0.7250258,0.05843555,-0.8599163,-0.3076704,-0.4030732
1.4037155602621432e+18,0.08273882,0.3951451,-0.7170408,0.05158589,-0.8544031,-0.3092194,-0.4143884
1.4037155603121431e+18,0.09649065,0.3921463,-0.7119939,0.04547511,-0.847415,-0.3122682,-0.4269756
1.403715560362143e+18,0.1132892,0.3897204,-0.7007544,0.04039247,-0.842188,-0.3119365,-0.4379307
1.4037155604121431e+18,0.1291814,0.385714,-0.6943725,0.03613522,-0.8362039,-0.3114172,-0.4499739
1.403715560462143e+18,0.1460845,0.3818576,-0.6869848,0.03525272,-0.8302087,-0.3111917,-0.4611621
1.4037155605121431e+18,0.1640689,0.3740943,-0.6763029,0.0343799,-0.8252678,-0.310007,-0.4707936
1.403715560562143e+18,0.1823458,0.373535,-0.6697069,0.03175276,-0.819542,-0.3080271,-0.4821434
1.4037155606121434e+18,0.1989424,0.3743223,-0.6623964,0.03084047,-0.813596,-0.304615,-0.4942874
1.403715560662143e+18,0.2179227,0.3688028,-0.6544771,-0.03020246,0.8075843,0.302588,0.5053077
1.4037155607121431e+18,0.237901,0.3671966,-0.6438863,-0.03002677,0.8016575,0.2988677,0.516838
1.4037155607621432e+18,0.2557231,0.3629598,-0.6386373,-0.03048558,0.7945974,0.2951492,0.5296907
1.4037155608121431e+18,0.2745776,0.361548,-0.6314867,-0.03156273,0.7879332,0.2900003,0.5422776
1.403715560862143e+18,0.2940639,0.3556288,-0.6211848,-0.03640401,0.7819439,0.2839169,0.5537413
1.4037155609121431e+18,0.3130146,0.3518338,-0.6129767,-0.03997724,0.774254,0.2793684,0.5664678
1.403715560962143e+18,0.3348999,0.3482323,-0.6040889,-0.0421306,0.7666262,0.2742122,0.5790654
1.4037155610121431e+18,0.3548196,0.3453258,-0.5951846,-0.0424692,0.757717,0.269823,0.5926695
1.403715561062143e+18,0.3725036,0.340232,-0.5880687,-0.04164819,0.7479066,0.2670082,0.6063065
1.4037155611121434e+18,0.3938463,0.3365219,-0.5761227,-0.03987857,0.7383127,0.264439,0.6191736
1.403715561162143e+18,0.4148944,0.3332638,-0.5680404,-0.03662392,0.7274786,0.2630957,0.6326247
1.4037155612121431e+18,0.4356918,0.3271182,-0.5569944,-0.03427041,0.7175989,0.2625506,0.6441618
1.4037155612621432e+18,0.4572836,0.3219923,-0.5462306,-0.02640184,0.7082613,0.2645757,0.6539636
1.4037155613121431e+18,0.477907,0.3198381,-0.5359559,-0.01680166,0.6992404,0.2685502,0.6623152
1.403715561362143e+18,0.5017211,0.313063,-0.5280194,-0.009329159,0.6896843,0.2735961,0.6703683
1.4037155614121431e+18,0.5225045,0.3089327,-0.5188774,-0.002781498,0.6816059,0.2755137,0.6778625
1.403715561462143e+18,0.5446934,0.3049605,-0.5092295,-0.0002402672,0.6749181,0.2737133,0.6852493
1.4037155615121431e+18,0.5644252,0.3028579,-0.4994578,-0.0001123889,0.6700794,0.2669467,0.6926275
1.403715561562143e+18,0.5864023,0.2990706,-0.4921193,-0.001541136,0.6650636,0.2593146,0.700317
1.4037155616121434e+18,0.609261,0.2967298,-0.4844772,-0.004244223,0.6605194,0.2499645,0.7079647
1.403715561662143e+18,0.6299554,0.2943854,-0.4757081,-0.007824377,0.6565727,0.2397978,0.7150862
1.4037155617121431e+18,0.6534896,0.2880515,-0.4699016,-0.007595475,0.6516028,0.23072,0.7225816
1.4037155617621432e+18,0.672245,0.2872471,-0.4595256,-0.006653903,0.6472446,0.2192715,0.7300342
1.4037155618121431e+18,0.6942511,0.2815683,-0.4535471,-0.004136488,0.6403278,0.2109392,0.7385579
1.403715561862143e+18,0.7141885,0.2757622,-0.4427782,-0.002416489,0.633948,0.2025323,0.746381
1.4037155619121431e+18,0.7351129,0.2747394,-0.433732,0.003047804,0.6254731,0.1940355,0.7557276
1.403715561962143e+18,0.7540811,0.2704706,-0.4227576,0.008500277,0.6185704,0.1836177,0.7639259
1.4037155620121431e+18,0.7704491,0.2626788,-0.4142486,0.01426834,0.6110311,0.1753865,0.7718011
1.403715562062143e+18,0.7879221,0.2631495,-0.4081799,0.02306324,0.6034614,0.1659117,0.7795998
1.4037155621121434e+18,0.8035643,0.2560691,-0.4000022,0.0280872,0.5984002,0.1564862,0.7852647
1.403715562162143e+18,0.8178983,0.2502097,-0.3923196,0.03247355,0.594471,0.1477672,0.7897559
1.4037155622121431e+18,0.8290409,0.2498713,-0.3782433,0.03662783,0.5930733,0.1387937,0.7922491
1.4037155622621432e+18,0.8424698,0.2367213,-0.3718091,0.03006122,0.5904648,0.1342898,0.7952445
1.4037155623121431e+18,0.8494726,0.2349729,-0.3611382,0.02517839,0.5897489,0.1297651,0.7966952
1.403715562362143e+18,0.8608519,0.2333499,-0.3568984,0.01598561,0.5867165,0.1278799,0.7994719
1.4037155624121431e+18,0.8666492,0.2290909,-0.3449739,0.003097472,0.5857422,0.1288266,0.8001877
1.403715562462143e+18,0.8712648,0.2240382,-0.3340547,-0.01023593,0.5839379,0.1295121,0.8013352
1.4037155625121431e+18,0.8753605,0.2193268,-0.322755,-0.02175455,0.5809811,0.1293672,0.8032759
1.403715562562143e+18,0.8797745,0.2125487,-0.3087081,-0.02983555,0.5783329,0.1242109,0.8057374
1.4037155626121434e+18,0.8818996,0.207072,-0.2957419,-0.03266784,0.5733244,0.119753,0.809871
1.403715562662143e+18,0.8812313,0.1994299,-0.2806369,-0.0325698,0.5656841,0.1248715,0.8144615
1.4037155627121431e+18,0.8833494,0.1909321,-0.2659667,-0.02855137,0.5552736,0.1374016,0.8197421
1.4037155627621432e+18,0.8824764,0.1811194,-0.2490901,-0.02391582,0.546472,0.150206,0.8235501
1.4037155628121431e+18,0.8811202,0.1741796,-0.2289771,-0.01787311,0.5386494,0.1603869,0.82693
1.403715562862143e+18,0.880083,0.1621515,-0.2127538,-0.01493745,0.5286965,0.1704328,0.83139
1.4037155629121431e+18,0.8803595,0.1524226,-0.194027,-0.01095475,0.5191474,0.1773367,0.8360129
1.403715562962143e+18,0.8774894,0.1470157,-0.1753104,-0.006826248,0.5096642,0.1801098,0.8412825
1.4037155630121431e+18,0.87483,0.1416055,-0.1572848,-0.002652748,0.4998121,0.1806726,0.8470764
1.403715563062143e+18,0.8740351,0.1311793,-0.1396754,0.0002608301,0.4898716,0.1781882,0.8533903
1.4037155631121434e+18,0.874778,0.1210358,-0.1237339,0.002391492,0.4801231,0.1706829,0.8604323
1.403715563162143e+18,0.8691071,0.1171445,-0.1037261,0.008294404,0.4714477,0.1611687,0.8670022
1.4037155632121431e+18,0.8653755,0.1067241,-0.08315361,0.01305419,0.4600518,0.1494676,0.8751236
1.4037155632621432e+18,0.8667718,0.09872201,-0.06792724,0.01993034,0.4440577,0.1393332,0.8848738
1.4037155633121431e+18,0.8636567,0.09518541,-0.05365247,0.02693277,0.4264414,0.1281011,0.8949931
1.403715563362143e+18,0.857641,0.08483443,-0.03384098,0.0298696,0.4094231,0.1180662,0.9041796
1.4037155634121431e+18,0.8528353,0.07972578,-0.01865658,0.03392931,0.3883556,0.1079589,0.9145347
1.403715563462143e+18,0.8466671,0.07199976,0.0003906488,0.03382229,0.3704973,0.09746765,0.9230862
1.4037155635121431e+18,0.8418201,0.0681141,0.0156711,0.03471557,0.3489125,0.08575859,0.9325772
1.403715563562143e+18,0.8382371,0.06118526,0.02826577,0.03482243,0.3276498,0.075424,0.9411398
1.4037155636121434e+18,0.8244562,0.0601707,0.04800385,0.03616961,0.31132,0.06281186,0.9475371
1.403715563662143e+18,0.8112411,0.05789554,0.06662786,0.03791354,0.2961174,0.05208245,0.9529766
1.4037155637121431e+18,0.8049051,0.05731247,0.07960019,0.0402408,0.2773971,0.04115018,0.9590297
1.4037155637621432e+18,0.7940899,0.05664848,0.0947763,0.04319358,0.2600814,0.03070151,0.9641314
1.4037155638121431e+18,0.7764726,0.05972303,0.1131536,0.0479403,0.2440193,0.02370829,0.9682944
1.403715563862143e+18,0.7692376,0.05669568,0.1250131,0.0515837,0.2200064,0.0244451,0.9738268
1.4037155639121431e+18,0.7549258,0.06472772,0.1396446,0.05622316,0.1985323,0.02257747,0.9782198
1.403715563962143e+18,0.7367668,0.06610438,0.1510646,0.05815523,0.1757451,0.02520502,0.9823933
1.4037155640121431e+18,0.721933,0.07039458,0.165645,0.05758793,0.1509171,0.02898342,0.9864419
1.403715564062143e+18,0.7061434,0.07962758,0.1789162,0.05775527,0.1258189,0.03263746,0.9898326
1.4037155641121434e+18,0.6890166,0.08944823,0.1902166,0.05848886,0.1013374,0.0346552,0.9925264
1.403715564162143e+18,0.6717724,0.09430063,0.1982912,0.05854961,0.07708269,0.03477228,0.9946964
1.4037155642121431e+18,0.6592783,0.103861,0.2063671,0.05799188,0.05157694,0.03404389,0.9964025
1.4037155642621432e+18,0.6434002,0.1124707,0.211642,0.05712109,0.02784492,0.03005502,0.9975262
1.4037155643121431e+18,0.6268598,0.1161076,0.2196758,0.05431091,0.006200286,0.0212332,0.998279
1.403715564362143e+18,0.6147571,0.1238103,0.223005,0.05366799,-0.01912166,0.01260027,0.9982963
1.4037155644121431e+18,0.6000824,0.1288306,0.22588,0.04591938,-0.04311639,0.001822464,0.9980127
1.403715564462143e+18,0.5852627,0.1302857,0.2263245,0.03423658,-0.06687158,-0.0106606,0.9971172
1.4037155645121431e+18,0.5701393,0.1365315,0.2262813,0.02708696,-0.09095096,-0.02276903,0.9952266
1.403715564562143e+18,0.5588532,0.1350293,0.2242758,0.01825705,-0.1148232,-0.03603287,0.9925643
1.4037155646121434e+18,0.5467744,0.1338802,0.22104,0.0130557,-0.1385456,-0.04912069,0.9890509
1.403715564662143e+18,0.5336581,0.1298587,0.2169647,0.008921931,-0.1607757,-0.06219974,0.9849886
1.4037155647121431e+18,0.5231031,0.1291786,0.2147352,0.009204766,-0.1829973,-0.0762106,0.9801118
1.4037155647621432e+18,0.5131005,0.1275037,0.2094824,0.01016912,-0.2050314,-0.08903421,0.9746445
1.4037155648121431e+18,0.5012949,0.1281437,0.2068501,0.01458518,-0.2262352,-0.1017095,0.9686384
1.403715564862143e+18,0.4908355,0.1201646,0.2015281,0.0150883,-0.2480614,-0.1130624,0.9620057
1.4037155649121431e+18,0.4789055,0.1190445,0.1957516,0.02255472,-0.2678933,-0.1233762,0.9552502
1.403715564962143e+18,0.4715574,0.1122602,0.1920917,0.02871978,-0.2890976,-0.1321203,0.9477035
1.4037155650121431e+18,0.4610388,0.1086242,0.1814732,0.03593342,-0.3095497,-0.1406632,0.9397348
1.403715565062143e+18,0.4470493,0.1011579,0.1758986,0.03939493,-0.3293242,-0.1488613,0.931576
1.4037155651121434e+18,0.4377283,0.08581401,0.1676645,0.03842593,-0.351936,-0.1557033,0.9221827
1.403715565162143e+18,0.4242139,0.07384655,0.157016,0.036283,-0.373725,-0.1598137,0.9129472
1.4037155652121431e+18,0.4167811,0.06137528,0.1488099,0.03308642,-0.3972788,-0.163696,0.9023737
1.4037155652621432e+18,0.4068969,0.05025473,0.1411768,0.03079421,-0.4190537,-0.1666449,0.8920062
1.4037155653121431e+18,0.3921907,0.05353411,0.1284184,0.03595012,-0.4367901,-0.1665473,0.8832802
1.403715565362143e+18,0.3823908,0.05098487,0.1174002,0.04127702,-0.4555455,-0.1678136,0.8732771
1.4037155654121431e+18,0.3694818,0.03879717,0.1082947,0.0422668,-0.4741051,-0.1684409,0.8631717
1.403715565462143e+18,0.3593666,0.03908694,0.09950368,0.04715705,-0.4932297,-0.1675525,0.8523067
