1.4037155316121431e+18,-0.0002989597,-0.003730999,0.02464545,0.007567499,-0.009631578,-0.0003002707,0.999925
1.403715531662143e+18,-0.0003543569,-0.006854288,0.03613323,0.007577756,-0.01396811,0.0006015441,0.9998736
1.4037155317121431e+18,-0.0004089417,-0.009538356,0.05011469,0.009168517,-0.01645301,-0.002659258,0.999819
1.403715531762143e+18,0.0004922252,-0.009706377,0.06838967,0.01202091,-0.01706766,-0.008823987,0.9997432
1.4037155318121431e+18,0.0002450562,-0.0119867,0.08719126,0.01862879,-0.01657083,-0.0148256,0.9995792
1.403715531862143e+18,-1.461919e-05,-0.00857359,0.1109888,0.02797892,-0.01614559,-0.01913405,0.999295
1.4037155319121431e+18,0.0003218715,-0.008659231,0.1279261,0.0364108,-0.01655788,-0.02159683,0.9989663
1.403715531962143e+18,0.0003403484,-0.009956734,0.143083,0.04304576,-0.01654993,-0.02482586,0.9986275
1.4037155320121431e+18,0.003273306,-0.00950203,0.1598556,0.04777277,-0.01786358,-0.02580459,0.998365
1.403715532062143e+18,0.003023867,-0.008985701,0.1743837,0.0519736,-0.01826094,-0.02766724,0.9980981
1.4037155321121431e+18,0.002638721,-0.009583215,0.1852336,0.05447143,-0.0185121,-0.03010709,0.9978896
1.403715532162143e+18,0.002400704,-0.008267441,0.200615,0.05786014,-0.01982149,-0.03094507,0.9976481
1.4037155322121431e+18,0.002743779,-0.01146986,0.2119335,0.05878958,-0.02220171,-0.0308923,0.9975452
1.403715532262143e+18,0.001478214,-0.01011812,0.2254265,0.06147363,-0.02635282,-0.03039321,0.9972978
1.4037155323121431e+18,0.0002570056,-0.01203681,0.2415598,0.06125998,-0.03143485,-0.02940891,0.9971932
1.403715532362143e+18,-0.003079472,-0.01741491,0.2558899,0.05704087,-0.03632995,-0.02686963,0.9973487
1.4037155324121431e+18,-0.007313652,-0.02780609,0.283082,0.05244448,-0.04069129,-0.02398767,0.9975061
1.403715532462143e+18,-0.01791063,-0.04034879,0.3043595,0.04733533,-0.0429906,-0.02241461,0.9977018
1.4037155325121431e+18,-0.0204237,-0.03986257,0.3076206,0.04575782,-0.04736369,-0.01833096,0.9976607
1.403715532562143e+18,-0.02595722,-0.053578,0.3086817,0.04070368,-0.05115236,-0.01370378,0.9977669
1.4037155326121431e+18,-0.02838188,-0.05406627,0.3101225,0.04115305,-0.0560002,-0.006416438,0.9975616
1.403715532662143e+18,-0.03211424,-0.05527079,0.3159356,0.04234225,-0.05995605,0.001416799,0.9973016
1.4037155327121431e+18,-0.03683003,-0.06243591,0.3327652,0.04348205,-0.06307605,0.008005943,0.9970289
1.403715532762143e+18,-0.03821216,-0.066166,0.3397106,0.04426308,-0.06566399,0.01271906,0.9967785
1.4037155328121431e+18,-0.03497791,-0.0673321,0.3474263,0.0448945,-0.06702619,0.0161562,0.9966097
1.403715532862143e+18,-0.03423585,-0.06764133,0.3520143,0.04521748,-0.06516687,0.0193959,0.9966606
1.4037155329121431e+18,-0.02449937,-0.06556589,0.3523725,0.04402537,-0.06220535,0.021897,0.9968514
1.403715532962143e+18,-0.01843753,-0.05956638,0.3542202,0.04304953,-0.05542589,0.02715291,0.9971647
1.4037155330121431e+18,-0.01093148,-0.05137919,0.3563241,0.04184807,-0.04601097,0.03296533,0.9975194
1.403715533062143e+18,0.001725101,-0.04607714,0.3601431,0.03859794,-0.03495711,0.03796351,0.9979213
1.4037155331121431e+18,0.0132427,-0.03616659,0.3640851,0.03703473,-0.02108035,0.04293019,0.9981689
1.403715533162143e+18,0.02864711,-0.02511716,0.3622548,0.03890143,-0.004957257,0.04592759,0.9981747
1.4037155332121431e+18,0.04791955,-0.02586344,0.3873527,0.04307438,0.01350756,0.04452082,0.997988
1.403715533262143e+18,0.06809556,-0.01548801,0.3792196,0.04918797,0.03164601,0.04587058,0.9972337
1.4037155333121431e+18,0.08962797,-0.01126671,0.3764642,0.05192346,0.04971456,0.04405392,0.9964395
1.403715533362143e+18,0.1174658,-0.0003134799,0.374306,0.05218088,0.06529183,0.04340976,0.995555
1.4037155334121431e+18,0.1460074,0.01341488,0.3612286,0.05169496,0.07952781,0.04334689,0.9945471
1.403715533462143e+18,0.1739779,0.02321688,0.3463825,0.04850054,0.09221621,0.04521528,0.9935288
1.4037155335121431e+18,0.201007,0.02049492,0.3171104,0.04352064,0.1014968,0.04936503,0.9926568
1.403715533562143e+18,0.2311363,0.02130857,0.2899559,0.03998525,0.1082031,0.05706195,0.9916841
1.4037155336121431e+18,0.2574729,0.04733614,0.256713,0.04201712,0.1155863,0.06878253,0.9900219
1.403715533662143e+18,0.2956023,0.04904032,0.2144464,0.03994043,0.118576,0.07856019,0.9890262
1.4037155337121431e+18,0.3391471,0.04700385,0.1676445,0.0384469,0.1214127,0.08534653,0.9881785
1.403715533762143e+18,0.4024647,0.06379439,0.1178247,0.04185611,0.1224929,0.0926769,0.987246
1.4037155338121431e+18,0.4588997,0.05687613,0.07163193,0.04053459,0.1267775,0.09270188,0.9867578
1.403715533862143e+18,0.5160297,0.05001872,0.02292876,0.04001715,0.131902,0.08930936,0.98642
1.4037155339121431e+18,0.5861543,0.05650914,-0.03996919,0.04049279,0.1366696,0.08381193,0.9862339
1.403715533962143e+18,0.6587113,0.06924971,-0.09296001,0.04279376,0.1407403,0.07854728,0.9859976
1.4037155340121431e+18,0.7284531,0.06720567,-0.1395159,0.04146712,0.1453921,0.07182182,0.9858921
1.403715534062143e+18,0.8149848,0.08414295,-0.1966922,0.04316092,0.1475053,0.06744701,0.9858145
1.4037155341121431e+18,0.8870803,0.09348951,-0.2365159,0.04359823,0.1522595,0.05938064,0.9855913
1.403715534162143e+18,0.955311,0.1039148,-0.2828238,0.04302193,0.1571332,0.05322489,0.9852033
1.4037155342121431e+18,1.063808,0.1136315,-0.3271651,0.04081016,0.1569954,0.04387438,0.9857799
1.403715534262143e+18,1.130694,0.1341811,-0.3669525,0.04080228,0.1613843,0.03751658,0.9853339
1.4037155343121431e+18,1.201787,0.1387541,-0.4056239,0.03858946,0.1642331,0.03284154,0.9851192
1.403715534362143e+18,1.295524,0.1591155,-0.4383385,0.03788093,0.1647099,0.02932375,0.9851781
1.4037155344121431e+18,1.408567,0.1755779,-0.476499,0.03642928,0.1628402,0.02752084,0.9855956
1.403715534462143e+18,1.515337,0.2036321,-0.5018667,0.0362392,0.1629946,0.02700756,0.9855912
1.4037155345121431e+18,1.6085,0.2151904,-0.532129,0.03393761,0.166816,0.02740929,0.9850225
1.403715534562143e+18,1.710517,0.2246825,-0.5554832,0.0313799,0.1706586,0.02947082,0.9843894
1.4037155346121431e+18,1.812368,0.2354522,-0.5736978,0.02896129,0.1748128,0.03286199,0.9836269
1.403715534662143e+18,1.93021,0.2523502,-0.5891789,0.02657641,0.1783824,0.03581973,0.9829499
1.4037155347121431e+18,2.030433,0.2511183,-0.6003892,0.02169741,0.1851212,0.03959896,0.9816778
1.403715534762143e+18,2.118701,0.2818994,-0.6163259,0.01821366,0.1951264,0.04436189,0.979605
1.4037155348121431e+18,2.196738,0.2961749,-0.635146,0.01156278,0.2086186,0.04885171,0.9767078
1.403715534862143e+18,2.275381,0.3122124,-0.6531188,0.005003997,0.222503,0.05448418,0.9733955
1.4037155349121431e+18,2.358151,0.3374396,-0.6762669,4.770431e-05,0.2361498,0.05997197,0.9698642
1.403715534962143e+18,2.432759,0.3617438,-0.6864939,-0.003902927,0.2508183,0.06472202,0.9658602
1.4037155350121431e+18,2.513247,0.3764246,-0.701194,-0.007679735,0.2636054,0.0692761,0.9621092
1.403715535062143e+18,2.596695,0.4028647,-0.7121739,-0.01047215,0.2740746,0.07380068,0.9588154
1.4037155351121431e+18,2.679069,0.4304681,-0.7211715,-0.01471152,0.2834212,0.07845106,0.955668
1.403715535162143e+18,2.749765,0.4494351,-0.7303129,-0.01981628,0.2917362,0.08319412,0.9526679
1.4037155352121431e+18,2.82793,0.4690265,-0.7328988,-0.02540546,0.2977271,0.08876922,0.9501753
1.403715535262143e+18,2.909618,0.4842599,-0.7345354,-0.03024657,0.3023193,0.09357124,0.9481206
1.4037155353121431e+18,2.989254,0.5039605,-0.7398183,-0.03258664,0.3052717,0.09817481,0.9466304
1.403715535362143e+18,3.070615,0.5156906,-0.7355443,-0.03392745,0.3076346,0.1031087,0.9452928
1.4037155354121431e+18,3.149198,0.5288788,-0.7262363,-0.03046829,0.3078425,0.1127542,0.9442411
1.403715535462143e+18,3.230376,0.5367064,-0.7155354,-0.0232867,0.307882,0.1209133,0.9434227
1.4037155355121431e+18,3.312856,0.546202,-0.702969,-0.01305464,0.3073457,0.1266467,0.9430424
1.403715535562143e+18,3.395663,0.5494958,-0.6881901,-0.003474842,0.3081738,0.1274424,0.9427488
1.4037155356121431e+18,3.480765,0.5532521,-0.6731648,0.007371412,0.3089846,0.1249085,0.9428001
1.403715535662143e+18,3.572821,0.5550942,-0.6643897,0.01410224,0.3079019,0.1213111,0.9435471
1.4037155357121431e+18,3.662288,0.5585383,-0.6503011,0.01805539,0.3058476,0.1158759,0.9448302
1.403715535762143e+18,3.752224,0.5659804,-0.6287769,0.02048105,0.3026297,0.1095134,0.9465742
1.4037155358121431e+18,3.84357,0.5680598,-0.6188073,0.02128976,0.2976128,0.1004097,0.9491529
1.403715535862143e+18,3.93567,0.5757079,-0.6027155,0.020171,0.2923402,0.08858454,0.9519891
1.4037155359121431e+18,4.022995,0.5810473,-0.5843678,0.01599815,0.2857039,0.07985404,0.9548512
1.403715535962143e+18,4.108747,0.5869273,-0.5667585,0.01134785,0.2778449,0.07172135,0.9578776
1.4037155360121431e+18,4.195554,0.5859447,-0.5496168,0.005249604,0.2694026,0.06746091,0.9606476
1.403715536062143e+18,4.280287,0.5867409,-0.5291134,-0.001517162,0.2621095,0.06306247,0.9629743
1.4037155361121431e+18,4.3672,0.5859884,-0.5084987,-0.007165214,0.2549543,0.06030785,0.965044
1.403715536162143e+18,4.454933,0.583822,-0.4865121,-0.01215918,0.2482638,0.05745732,0.9669105
1.4037155362121431e+18,4.542342,0.5816565,-0.4630267,-0.01712926,0.2431492,0.05254512,0.9684132
1.403715536262143e+18,4.631371,0.5730478,-0.4379243,-0.02159058,0.2387107,0.04731927,0.9696968
1.4037155363121431e+18,4.720569,0.5642617,-0.4122587,-0.02354567,0.2341776,0.04178063,0.9710102
1.403715536362143e+18,4.803752,0.5536047,-0.3783604,-0.02305825,0.2315531,0.034513,0.9719364
1.4037155364121431e+18,4.888398,0.5423425,-0.343181,-0.02088232,0.230138,0.02472041,0.9726198
1.403715536462143e+18,4.972745,0.5269337,-0.3050242,-0.01790963,0.2293372,0.01485262,0.973069
1.4037155365121431e+18,5.049374,0.5107675,-0.2612374,-0.01453983,0.229582,0.005989077,0.9731623
1.403715536562143e+18,5.117011,0.4943165,-0.2158173,-0.009788158,0.2304575,-0.001496122,0.973032
1.4037155366121431e+18,5.188871,0.4774441,-0.1697368,-0.004344698,0.2297734,-0.006957679,0.9732096
1.403715536662143e+18,5.254006,0.4548057,-0.1215228,0.001833765,0.2300655,-0.01196716,0.9730999
1.4037155367121431e+18,5.319565,0.4274421,-0.07075186,0.009532487,0.2291682,-0.01494412,0.9732255
1.403715536762143e+18,5.374867,0.4054216,-0.01699805,0.02217497,0.2280477,-0.0180697,0.9732297
1.4037155368121431e+18,5.425024,0.3798275,0.03705233,0.03348134,0.2262705,-0.02180428,0.9732447
1.403715536862143e+18,5.468357,0.3535303,0.09045246,0.04344176,0.2251602,-0.02700276,0.9729782
1.4037155369121431e+18,5.508996,0.3285995,0.1428801,0.05268538,0.2248817,-0.03475666,0.9723397
1.403715536962143e+18,5.54256,0.2990187,0.1958287,0.06070069,0.2268507,-0.04425506,0.9710281
1.4037155370121431e+18,5.569787,0.2722634,0.2470703,0.06900172,0.228613,-0.05312416,0.9696147
1.403715537062143e+18,5.589809,0.2490826,0.2954422,0.08072736,0.2302573,-0.0604417,0.9678902
1.4037155371121431e+18,5.599979,0.2188545,0.3416352,0.09334038,0.2317378,-0.0668987,0.9659761
1.403715537162143e+18,5.597997,0.1940369,0.386693,0.1079932,0.234091,-0.07242127,0.9634802
1.4037155372121431e+18,5.592539,0.1666239,0.4255424,0.1217301,0.2344644,-0.07521547,0.9615357
1.403715537262143e+18,5.578206,0.1366287,0.459671,0.1336184,0.2336299,-0.07487957,0.9601855
1.4037155373121431e+18,5.554542,0.1121961,0.4886999,0.1434534,0.2284637,-0.06441127,0.9607688
1.403715537362143e+18,5.522145,0.09168988,0.5091569,0.1463393,0.2217514,-0.048744,0.9628267
1.4037155374121431e+18,5.481879,0.07322009,0.5244076,0.139565,0.2153138,-0.03042814,0.9660413
1.403715537462143e+18,5.432734,0.05892099,0.5364851,0.1273783,0.2090251,-0.0106203,0.9695208
1.4037155375121431e+18,5.379711,0.04792443,0.5412135,0.1097576,0.2037022,0.00757501,0.9728316
1.403715537562143e+18,5.324734,0.04053041,0.5405958,0.09076551,0.1991719,0.0233141,0.9754736
1.4037155376121431e+18,5.263197,0.0297336,0.5388178,0.07338571,0.1962946,0.03732922,0.9770821
1.403715537662143e+18,5.205484,0.02433139,0.5336914,0.06163993,0.194516,0.04665736,0.9778482
1.4037155377121431e+18,5.144835,0.01442456,0.5270579,0.06016971,0.1943772,0.05293464,0.9776477
1.403715537762143e+18,5.08918,0.001514629,0.517419,0.06471098,0.1948843,0.05568459,0.9771038
1.4037155378121431e+18,5.0284,-0.007956743,0.5073174,0.07417119,0.1961392,0.05696171,0.9761063
1.403715537862143e+18,4.969661,-0.01455656,0.4924712,0.08237618,0.1981416,0.05507175,0.9751519
1.4037155379121431e+18,4.916221,-0.02446166,0.4745357,0.08674019,0.198503,0.05580274,0.9746583
1.403715537962143e+18,4.858171,-0.02976696,0.4576263,0.08456416,0.2002499,0.0549458,0.9745408
1.4037155380121431e+18,4.806544,-0.03143643,0.432739,0.07979693,0.1983269,0.05854467,0.9751264
1.403715538062143e+18,4.750407,-0.03193484,0.4089097,0.07501731,0.1989421,0.06141246,0.9752041
1.4037155381121431e+18,4.695321,-0.03163734,0.3844618,0.0696835,0.1994635,0.0672802,0.9751061
1.403715538162143e+18,4.642703,-0.03082904,0.3566694,0.06409389,0.2012744,0.07320803,0.9746903
1.4037155382121431e+18,4.596586,-0.02756314,0.3282882,0.05910076,0.2049353,0.07845359,0.9738345
1.403715538262143e+18,4.546953,-0.01148115,0.298904,0.0567852,0.2107487,0.08165496,0.9724674
1.4037155383121431e+18,4.502281,0.00113523,0.2708744,0.0566983,0.2178331,0.08522161,0.9706036
1.403715538362143e+18,4.457813,0.01480839,0.2427166,0.0580556,0.2262734,0.08789556,0.9683514
1.4037155384121431e+18,4.417212,0.03655285,0.2103535,0.0650243,0.2367615,0.08628976,0.9655412
1.403715538462143e+18,4.372188,0.05623338,0.1815307,0.07210853,0.250161,0.08144587,0.962074
1.4037155385121431e+18,4.327895,0.08216597,0.1499853,0.08092055,0.2638624,0.07670105,0.9580947
1.403715538562143e+18,4.29048,0.1076336,0.1106401,0.08658838,0.2774219,0.07197554,0.9541274
1.4037155386121431e+18,4.242974,0.127226,0.07842708,0.08987496,0.2917865,0.07127994,0.9495801
1.403715538662143e+18,4.19921,0.152012,0.03831106,0.09072345,0.3048477,0.07337705,0.9452264
1.4037155387121431e+18,4.147705,0.1814358,-0.002838016,0.08864502,0.3190789,0.07713013,0.9404157
1.403715538762143e+18,4.102971,0.2115498,-0.05104846,0.08217289,0.3323271,0.08327571,0.9358801
1.4037155388121431e+18,4.049233,0.2360059,-0.09226519,0.0721864,0.3476614,0.0918701,0.9303121
1.403715538862143e+18,4.006604,0.2686022,-0.1444782,0.06325369,0.3626648,0.09885585,0.9245002
1.4037155389121431e+18,3.959374,0.2982224,-0.1939606,0.05558655,0.3787244,0.1076044,0.9175507
1.403715538962143e+18,3.907427,0.3326362,-0.2396041,0.04998428,0.3967916,0.1152951,0.9092662
1.4037155390121431e+18,3.863298,0.375289,-0.2922426,0.0473197,0.4144779,0.1227408,0.9005019
1.403715539062143e+18,3.814905,0.4141032,-0.3382306,0.04442997,0.4330268,0.1310598,0.8906948
1.4037155391121431e+18,3.768512,0.4623919,-0.3881767,0.04266119,0.4511955,0.1392358,0.8804636
1.403715539162143e+18,3.723154,0.5011881,-0.4366739,0.04078852,0.4697495,0.1484473,0.8692728
1.4037155392121431e+18,3.674092,0.5547603,-0.4766034,0.04031926,0.487903,0.1573731,0.8576472
1.403715539262143e+18,3.625591,0.6085517,-0.5170171,0.03757511,0.5050071,0.1663964,0.84609
1.4037155393121431e+18,3.575182,0.6698909,-0.5553459,0.03319227,0.5215055,0.1750018,0.8344487
1.403715539362143e+18,3.529603,0.7278469,-0.5973569,0.02837877,0.5356556,0.1845021,0.8235453
1.4037155394121431e+18,3.477295,0.7912367,-0.6325513,0.02461649,0.549714,0.1917255,0.8126807
1.403715539462143e+18,3.427025,0.8517476,-0.6658657,0.02353018,0.5626472,0.1961608,0.8027425
1.4037155395121431e+18,3.379795,0.9003944,-0.7055368,0.0216866,0.5717269,0.2028926,0.7946651
1.403715539562143e+18,3.331484,0.951757,-0.7412027,0.02334751,0.5778551,0.2122143,0.7877204
1.4037155396121431e+18,3.286429,0.9916973,-0.7862169,0.02633292,0.5821506,0.2210738,0.7820061
1.403715539662143e+18,3.238235,1.031728,-0.8192095,0.03109666,0.5867031,0.2266922,0.7768031
1.4037155397121431e+18,3.194297,1.059958,-0.8693262,0.03617326,0.5898347,0.2306313,0.7730432
1.403715539762143e+18,3.152905,1.08636,-0.9070815,0.03895053,0.5933879,0.231796,0.769834
1.4037155398121431e+18,3.107503,1.104212,-0.9533987,0.04076384,0.5959614,0.2313198,0.7678929
1.403715539862143e+18,3.065469,1.121662,-1.005138,0.03879471,0.5962477,0.2314076,0.7677463
1.4037155399121431e+18,3.024728,1.139113,-1.056919,0.03398846,0.5938751,0.2339498,0.7690415
1.403715539962143e+18,2.983192,1.141909,-1.103924,0.0307443,0.5907767,0.2392188,0.7699429
1.4037155400121431e+18,2.944696,1.153693,-1.157626,0.02439651,0.5864294,0.2446782,0.7717758
1.403715540062143e+18,2.912709,1.154113,-1.216264,0.01908092,0.5805156,0.2542741,0.7732931
1.4037155401121431e+18,2.877435,1.159032,-1.267694,0.0137605,0.574861,0.263424,0.7745665
1.403715540162143e+18,2.850216,1.162038,-1.324582,0.01244693,0.5691568,0.2713296,0.7760709
1.4037155402121431e+18,2.827847,1.161685,-1.381732,0.01080177,0.5652801,0.2768312,0.7769855
1.403715540262143e+18,2.81169,1.161832,-1.443169,0.01244207,0.5637562,0.2770027,0.7780063
1.4037155403121431e+18,2.80133,1.161085,-1.505304,0.01195614,0.5640089,0.2731014,0.779209
1.403715540362143e+18,2.792729,1.163807,-1.565299,0.009096081,0.56589,0.2658361,0.7803954
1.4037155404121431e+18,2.786315,1.167106,-1.622727,0.004754513,0.5675113,0.2593639,0.7814338
1.403715540462143e+18,2.785084,1.173141,-1.685533,-0.0001339493,0.568913,0.2530571,0.782496
1.4037155405121431e+18,2.786741,1.177565,-1.745845,-0.01007516,0.5698633,0.2493247,0.7829378
1.403715540562143e+18,2.795388,1.183383,-1.809884,-0.01827171,0.5698329,0.2491432,0.7828693
1.4037155406121431e+18,2.806977,1.194357,-1.863957,-0.02559127,0.5704264,0.2491295,0.7822362
1.403715540662143e+18,2.820979,1.199835,-1.918854,-0.029598,0.5695047,0.2536916,0.7812996
1.4037155407121431e+18,2.844628,1.20855,-1.974269,-0.02764057,0.5676171,0.2619875,0.7800061
1.403715540762143e+18,2.870132,1.211886,-2.029254,-0.02493132,0.5663806,0.2693979,0.7784705
1.4037155408121431e+18,2.900892,1.218357,-2.081846,-0.01818199,0.5672535,0.2719899,0.7771193
1.403715540862143e+18,2.936612,1.223031,-2.131924,-0.01233004,0.5692665,0.2714981,0.7759332
1.4037155409121431e+18,2.978131,1.229151,-2.18626,-0.005962492,0.5709036,0.2704029,0.7751876
1.403715540962143e+18,3.024255,1.232608,-2.236238,-0.001336765,0.5739536,0.2661343,0.774434
1.4037155410121431e+18,3.068536,1.239451,-2.283877,0.001726928,0.5772626,0.2606076,0.7738531
1.403715541062143e+18,3.122954,1.252029,-2.336442,0.004129711,0.579056,0.2557784,0.7741153
1.4037155411121431e+18,3.171897,1.252502,-2.384773,0.002694735,0.581045,0.2522579,0.7737865
1.403715541162143e+18,3.232658,1.261203,-2.434227,0.005489493,0.5806338,0.2525472,0.7739859
1.4037155412121431e+18,3.288088,1.265237,-2.482772,0.01467439,0.5794154,0.2558384,0.7736984
1.403715541262143e+18,3.3516,1.272867,-2.532883,0.02653042,0.5783234,0.2582119,0.7734112
1.4037155413121431e+18,3.416534,1.283971,-2.580473,0.03617855,0.5801699,0.2569118,0.7720689
1.403715541362143e+18,3.486685,1.296037,-2.631461,0.03921883,0.5839801,0.2510813,0.7709652
1.4037155414121431e+18,3.544957,1.304736,-2.678694,0.03880488,0.5877619,0.2459655,0.7697604
1.403715541462143e+18,3.616038,1.319148,-2.732013,0.03110566,0.590102,0.2431319,0.7692198
1.4037155415121431e+18,3.683413,1.336856,-2.781521,0.02236943,0.591234,0.2431128,0.7686599
1.403715541562143e+18,3.756699,1.351462,-2.833447,0.01172348,0.5919013,0.2439435,0.7681192
1.4037155416121431e+18,3.82248,1.36354,-2.881635,0.00452571,0.5913546,0.2465059,0.7677982
1.403715541662143e+18,3.896386,1.380573,-2.934088,-0.002972482,0.5921326,0.2450134,0.7676839
1.4037155417121431e+18,3.975265,1.391216,-2.988725,-0.01068246,0.5937398,0.2404394,0.7678202
1.403715541762143e+18,4.061126,1.409328,-3.044334,-0.01588948,0.5972396,0.2288621,0.7685536
1.4037155418121431e+18,4.144003,1.42189,-3.089864,-0.0211822,0.6021193,0.2156892,0.7684282
1.403715541862143e+18,4.231094,1.429952,-3.136016,-0.02361043,0.6069862,0.2011911,0.7684612
1.4037155419121431e+18,4.314543,1.442809,-3.177058,-0.02592838,0.6104376,0.1878954,0.7690183
1.403715541962143e+18,4.402971,1.447862,-3.218806,-0.02925367,0.6115997,0.1764759,0.7706791
1.4037155420121431e+18,4.487008,1.455821,-3.256136,-0.03265579,0.610769,0.1661192,0.7734981
1.403715542062143e+18,4.570049,1.457206,-3.282449,-0.0325378,0.6093525,0.1545654,0.7770073
1.4037155421121431e+18,4.651976,1.455955,-3.301017,-0.02774113,0.6062097,0.1453271,0.781422
1.403715542162143e+18,4.726751,1.457451,-3.309798,-0.02159624,0.6032044,0.1344126,0.7858825
1.4037155422121431e+18,4.810004,1.449625,-3.323011,-0.01159228,0.5966566,0.1259436,0.7924675
1.403715542262143e+18,4.885144,1.439391,-3.327448,-0.001387128,0.5893459,0.1189116,0.7990804
1.4037155423121431e+18,4.954844,1.421643,-3.32822,0.01040564,0.5793037,0.1168448,0.8066265
1.403715542362143e+18,5.020726,1.408085,-3.323608,0.02221354,0.5688154,0.1134766,0.8142964
1.4037155424121431e+18,5.083281,1.390445,-3.315069,0.03688889,0.5558971,0.114221,0.8225395
1.403715542462143e+18,5.143363,1.367017,-3.306788,0.05284135,0.542367,0.1154646,0.8304901
1.4037155425121431e+18,5.198515,1.349762,-3.298463,0.06680791,0.529641,0.1165222,0.8375201
1.403715542562143e+18,5.249259,1.330951,-3.289687,0.07491343,0.5188952,0.1171092,0.8434579
1.4037155426121431e+18,5.295557,1.315896,-3.27961,0.07524117,0.5092168,0.1193926,0.8489891
1.403715542662143e+18,5.34093,1.301435,-3.274335,0.0715763,0.4998741,0.1222728,0.8544309
1.4037155427121431e+18,5.375857,1.291721,-3.263119,0.07098765,0.4929169,0.1243907,0.8582078
1.403715542762143e+18,5.410734,1.280471,-3.253375,0.06741665,0.4874007,0.1252033,0.8615217
1.4037155428121431e+18,5.443816,1.273077,-3.244892,0.06265571,0.48264,0.1262974,0.8643969
1.403715542862143e+18,5.47351,1.265549,-3.238496,0.05769963,0.4779256,0.1294027,0.8668984
1.4037155429121431e+18,5.499655,1.26191,-3.22389,0.05549011,0.4744412,0.1323384,0.868512
1.403715542962143e+18,5.526537,1.260897,-3.214195,0.05572046,0.4702356,0.1371097,0.8700429
1.4037155430121431e+18,5.549378,1.260785,-3.204153,0.05776449,0.4666494,0.1418803,0.871075
1.403715543062143e+18,5.569939,1.263473,-3.192261,0.06078685,0.4647233,0.1450952,0.8713694
1.4037155431121431e+18,5.593848,1.269545,-3.181702,0.06343371,0.4628195,0.1479447,0.8717148
1.403715543162143e+18,5.612244,1.274799,-3.17336,0.06562722,0.4629008,0.1487045,0.8713799
1.4037155432121431e+18,5.629727,1.279201,-3.164003,0.06864986,0.4636211,0.1494977,0.870628
1.403715543262143e+18,5.649959,1.286544,-3.158041,0.07304811,0.4638619,0.1502106,0.8700189
1.4037155433121431e+18,5.665218,1.293911,-3.153453,0.07572547,0.4644151,0.1516768,0.8692402
1.403715543362143e+18,5.681995,1.304608,-3.149105,0.07616652,0.4656063,0.1512036,0.8686466
1.4037155434121431e+18,5.695147,1.312915,-3.149818,0.07690936,0.4669905,0.1503058,0.8679937
1.403715543462143e+18,5.705925,1.323375,-3.151608,0.07489916,0.4693509,0.1472082,0.867427
1.4037155435121431e+18,5.716986,1.335735,-3.152853,0.07323232,0.4722382,0.143292,0.8666577
1.403715543562143e+18,5.724401,1.34832,-3.159221,0.07440516,0.4744945,0.1392194,0.8659889
1.4037155436121431e+18,5.73023,1.359989,-3.164207,0.07709722,0.4769569,0.1347005,0.865115
1.403715543662143e+18,5.735093,1.372722,-3.172539,0.07996146,0.4799603,0.1271335,0.8643387
1.4037155437121431e+18,5.735622,1.386134,-3.179747,0.0812889,0.4849421,0.120409,0.8623949
1.403715543762143e+18,5.733873,1.403572,-3.18991,0.08104552,0.4921882,0.1117782,0.8594696
1.4037155438121431e+18,5.727704,1.423096,-3.197679,0.07909864,0.5014353,0.1036144,0.8553187
1.403715543862143e+18,5.714387,1.439071,-3.207282,0.07464562,0.5117663,0.09858304,0.8501793
1.4037155439121431e+18,5.704449,1.466091,-3.217973,0.07090984,0.5222042,0.09453585,0.8445932
1.403715543962143e+18,5.681961,1.485133,-3.222812,0.06424671,0.5344137,0.09470861,0.8374394
1.4037155440121431e+18,5.656487,1.503798,-3.22868,0.05655584,0.5471746,0.09603751,0.8295652
1.403715544062143e+18,5.629807,1.527963,-3.234698,0.05016175,0.5601465,0.09974192,0.8208358
1.4037155441121431e+18,5.590751,1.556304,-3.231856,0.04773154,0.5730371,0.1116202,0.8104882
1.403715544162143e+18,5.55436,1.581058,-3.232756,0.04529444,0.5850961,0.1278711,0.7995374
1.4037155442121431e+18,5.519151,1.612866,-3.228571,0.04436965,0.5980056,0.1431847,0.7873492
1.403715544262143e+18,5.47716,1.643712,-3.223327,0.04317785,0.6127269,0.1590238,0.7729249
1.4037155443121431e+18,5.435869,1.682739,-3.216669,0.04335392,0.6272308,0.1752301,0.7576256
1.403715544362143e+18,5.392848,1.721082,-3.203163,0.04327469,0.6421711,0.1915836,0.7409719
1.4037155444121431e+18,5.352147,1.766938,-3.195302,0.04491233,0.6553253,0.2076026,0.7248675
1.403715544462143e+18,5.298555,1.802171,-3.170665,0.04592409,0.6709821,0.2205976,0.7064069
1.4037155445121431e+18,5.254798,1.854088,-3.162069,0.04684241,0.6833561,0.2300863,0.6912962
1.403715544562143e+18,5.202538,1.899806,-3.14838,0.04835633,0.6952028,0.2390426,0.6761757
1.4037155446121431e+18,5.150265,1.939957,-3.135694,0.04908673,0.7050506,0.2446051,0.6638243
1.403715544662143e+18,5.098047,1.960629,-3.121914,0.04725451,0.7133751,0.2509379,0.6526049
1.4037155447121431e+18,5.038278,1.989595,-3.106363,0.04932138,0.7219303,0.2487402,0.6438264
1.403715544762143e+18,4.981565,2.009548,-3.09506,0.05215952,0.7285133,0.2455616,0.6373753
1.4037155448121431e+18,4.925145,2.002434,-3.094057,0.05186011,0.732897,0.2444762,0.6327747
1.403715544862143e+18,4.863164,2.008224,-3.08624,0.05358694,0.7364743,0.2410324,0.6297916
1.4037155449121431e+18,4.795576,2.009719,-3.082357,0.0541919,0.7377092,0.2398901,0.6287297
1.403715544962143e+18,4.728902,2.003995,-3.087903,0.0517931,0.7369003,0.241699,0.6291878
1.4037155450121431e+18,4.660419,1.995532,-3.076641,0.04790153,0.7374927,0.244757,0.6276177
1.403715545062143e+18,4.586816,1.994205,-3.079075,0.04570917,0.7375254,0.2470222,0.6268548
1.4037155451121431e+18,4.519408,1.985004,-3.072379,0.04251902,0.7392454,0.2501053,0.6238235
1.403715545162143e+18,4.449147,1.973441,-3.068197,0.0386456,0.7418709,0.253686,0.6194979
1.4037155452121431e+18,4.381853,1.96775,-3.060168,0.0367811,0.7452855,0.2573335,0.6139839
1.403715545262143e+18,4.309076,1.972897,-3.053059,0.03495856,0.7488229,0.2609796,0.6082203
1.4037155453121431e+18,4.237276,1.980995,-3.044591,0.03447314,0.7527069,0.2651512,0.6016136
1.403715545362143e+18,4.166343,1.984076,-3.029667,0.03558365,0.7565219,0.2696573,0.5947213
1.4037155454121431e+18,4.097935,1.984183,-3.019274,0.04098241,0.7583922,0.2763775,0.588878
1.403715545462143e+18,4.027556,1.990404,-3.006587,0.04806466,0.7593812,0.2829489,0.5839264
1.4037155455121431e+18,3.958459,1.992758,-2.998772,0.05607774,0.7592782,0.2902942,0.5797252
1.403715545562143e+18,3.886914,1.990494,-2.987117,0.06313758,0.7594413,0.2968126,0.5754693
1.4037155456121431e+18,3.817509,1.989317,-2.980596,0.06973316,0.7591785,0.3019945,0.5723501
1.403715545662143e+18,3.746046,1.986399,-2.975946,0.07433923,0.7589098,0.3056946,0.5701584
1.4037155457121431e+18,3.67264,1.983084,-2.973496,0.07683266,0.7580872,0.3076012,0.5698965
1.403715545762143e+18,3.598724,1.983142,-2.972008,0.07673287,0.7572143,0.3082187,0.5707362
1.4037155458121431e+18,3.527243,1.98332,-2.974126,0.07361398,0.7560932,0.3065905,0.5735036
1.403715545862143e+18,3.453152,1.985535,-2.97495,0.07077218,0.7546376,0.3028331,0.5777592
1.4037155459121431e+18,3.378991,1.98749,-2.981158,0.06507856,0.7520093,0.2981116,0.5842742
1.403715545962143e+18,3.302004,1.988773,-2.986225,0.05912856,0.7487864,0.290975,0.5925845
1.4037155460121431e+18,3.228778,1.992302,-2.992896,0.05264797,0.7436666,0.2834688,0.6031862
1.403715546062143e+18,3.150491,1.99329,-2.998384,0.04767592,0.7372779,0.2753475,0.6150871
1.4037155461121431e+18,3.076975,1.994517,-3.003645,0.0431934,0.7288355,0.267619,0.6287394
1.403715546162143e+18,2.998425,1.994807,-3.008614,0.04139853,0.7177092,0.2609306,0.6442786
1.4037155462121431e+18,2.922485,1.999934,-3.01848,0.04024298,0.7051839,0.2534933,0.6609367
1.403715546262143e+18,2.8473,1.999274,-3.024764,0.0393446,0.6910025,0.2473382,0.6780793
1.4037155463121431e+18,2.772655,1.999519,-3.034691,0.03929941,0.675217,0.2417749,0.6957604
1.403715546362143e+18,2.693979,1.998635,-3.040346,0.03914949,0.6594346,0.2344598,0.7131914
1.4037155464121431e+18,2.619648,1.999255,-3.047706,0.03812223,0.6424929,0.2288734,0.7303194
1.403715546462143e+18,2.542697,1.99311,-3.051632,0.03784833,0.6254637,0.2224901,0.7469009
1.4037155465121431e+18,2.469661,1.988721,-3.062544,0.03653152,0.6070599,0.2166779,0.7636717
1.403715546562143e+18,2.396286,1.985933,-3.073985,0.03621666,0.5882195,0.2096181,0.780222
1.4037155466121431e+18,2.318829,1.981479,-3.076743,0.03296065,0.5706497,0.201037,0.7955229
1.403715546662143e+18,2.247965,1.978128,-3.08757,0.02760508,0.5508603,0.193747,0.8113279
1.4037155467121431e+18,2.176341,1.975926,-3.095618,0.02040382,0.5306492,0.1867754,0.8265047
1.403715546762143e+18,2.107976,1.978277,-3.10328,0.01026337,0.5093145,0.1818936,0.8410756
1.4037155468121431e+18,2.036788,1.972759,-3.11005,-0.0001396043,0.4869784,0.1795361,0.8547624
1.403715546862143e+18,1.970191,1.973783,-3.117073,-0.006729098,0.4649779,0.1762726,0.8675703
1.4037155469121431e+18,1.903519,1.972996,-3.120713,-0.00978309,0.4437361,0.1721187,0.879419
1.403715546962143e+18,1.844189,1.970539,-3.12637,-0.01588178,0.424206,0.1603216,0.8911195
1.4037155470121431e+18,1.780589,1.967548,-3.129791,-0.02009486,0.4067575,0.1472485,0.901367
1.403715547062143e+18,1.722363,1.960471,-3.134457,-0.02431849,0.3881538,0.1349483,0.9113365
1.4037155471121431e+18,1.667835,1.957343,-3.13027,-0.02643652,0.3694368,0.1236153,0.9206176
1.403715547162143e+18,1.610306,1.94575,-3.129782,-0.0283841,0.350704,0.1122311,0.9293037
1.4037155472121431e+18,1.560777,1.940212,-3.122038,-0.02925233,0.3315634,0.1005509,0.9376031
1.403715547262143e+18,1.508152,1.930432,-3.114965,-0.03044152,0.3137945,0.0880378,0.9449104
1.4037155473121431e+18,1.462606,1.922071,-3.101288,-0.03161412,0.2958139,0.07693071,0.9516178
1.403715547362143e+18,1.414089,1.910933,-3.085585,-0.03346518,0.2786483,0.06743075,0.9574384
1.4037155474121431e+18,1.372183,1.898526,-3.065842,-0.03633964,0.2613952,0.06060455,0.9626417
1.403715547462143e+18,1.321133,1.883784,-3.042775,-0.04112693,0.244856,0.05475538,0.9671381
1.4037155475121431e+18,1.285202,1.873604,-3.015959,-0.04478056,0.2273797,0.04924112,0.9715289
1.403715547562143e+18,1.245973,1.86003,-2.982704,-0.04840807,0.2102271,0.04205097,0.9755475
1.4037155476121431e+18,1.208467,1.844346,-2.9484,-0.05072859,0.1918629,0.03411267,0.979516
1.403715547662143e+18,1.17176,1.832568,-2.909979,-0.05240691,0.1738573,0.02507934,0.9830555
1.4037155477121431e+18,1.136053,1.817238,-2.865999,-0.05433952,0.1561708,0.01498484,0.9861203
1.403715547762143e+18,1.094418,1.795705,-2.816084,-0.05589142,0.1388556,0.005461393,0.9887191
1.4037155478121431e+18,1.054303,1.772214,-2.760506,-0.0566422,0.1213902,-0.002761408,0.9909836
1.403715547862143e+18,1.01806,1.74863,-2.704396,-0.05639071,0.1034623,-0.01048353,0.9929782
1.4037155479121431e+18,0.9759727,1.718271,-2.645141,-0.05328054,0.08713238,-0.01889306,0.9945915
1.403715547962143e+18,0.9395652,1.692602,-2.578714,-0.04635595,0.0706664,-0.0249755,0.9961092
1.4037155480121431e+18,0.9137115,1.666256,-2.522468,-0.03648396,0.0550476,-0.02806725,0.9974222
1.403715548062143e+18,0.8669092,1.629498,-2.445919,-0.02560336,0.04473413,-0.0327694,0.998133
1.4037155481121431e+18,0.8315154,1.594831,-2.371866,-0.0130023,0.03585386,-0.0373271,0.9985751
1.403715548162143e+18,0.7869377,1.557357,-2.297518,-0.003118444,0.03009831,-0.04126316,0.99869
1.4037155482121431e+18,0.746406,1.522813,-2.219709,0.005900826,0.02602858,-0.04591923,0.9985886
1.403715548262143e+18,0.7043153,1.488921,-2.136193,0.01348739,0.02410593,-0.04992027,0.9983712
1.4037155483121431e+18,0.663134,1.453615,-2.058617,0.01881195,0.022771,-0.0524977,0.9981842
1.403715548362143e+18,0.6223271,1.424485,-1.976605,0.02097617,0.02270477,-0.05331574,0.9980991
1.4037155484121431e+18,0.5772727,1.399561,-1.891026,0.0226761,0.02405624,-0.05556069,0.9979079
1.403715548462143e+18,0.5409008,1.379906,-1.811449,0.02256245,0.0244119,-0.05435869,0.997968
1.4037155485121431e+18,0.4968528,1.36031,-1.729295,0.02216306,0.02530172,-0.0529933,0.9980283
1.403715548562143e+18,0.4582421,1.343824,-1.644478,0.02183967,0.02505988,-0.04819199,0.9982848
1.4037155486121431e+18,0.4156969,1.326194,-1.562336,0.0211683,0.02545714,-0.0440425,0.9984809
1.403715548662143e+18,0.3687646,1.306714,-1.47785,0.02064592,0.02693333,-0.04058947,0.9985995
1.4037155487121431e+18,0.3269728,1.292242,-1.396094,0.02165815,0.02780389,-0.03691961,0.9986966
1.403715548762143e+18,0.278871,1.2731,-1.316033,0.02198201,0.02924504,-0.03430245,0.9987416
1.4037155488121431e+18,0.2261171,1.256415,-1.232849,0.02173104,0.03163204,-0.03203564,0.9987497
1.403715548862143e+18,0.1834562,1.239411,-1.148499,0.02275609,0.0328564,-0.03060118,0.9987323
1.4037155489121431e+18,0.1352945,1.218935,-1.069404,0.02355426,0.03430258,-0.027998,0.9987415
1.403715548962143e+18,0.08217722,1.208588,-0.9866771,0.02558117,0.03477396,-0.02726551,0.9986957
1.4037155490121431e+18,0.03297207,1.192806,-0.9069071,0.02718047,0.03281981,-0.02745755,0.9987143
1.403715549062143e+18,-0.01459547,1.175109,-0.8276697,0.02956528,0.02872927,-0.02887066,0.9987327
1.4037155491121431e+18,-0.0609632,1.155312,-0.7516089,0.03446962,0.02290333,-0.02972585,0.998701
1.403715549162143e+18,-0.1163502,1.13209,-0.6700115,0.04153219,0.01857941,-0.03228403,0.9984426
1.4037155492121431e+18,-0.1638853,1.111661,-0.5952454,0.04933649,0.01378125,-0.03424313,0.9980999
1.403715549262143e+18,-0.2151003,1.0925,-0.5204738,0.0582655,0.008790214,-0.0355785,0.9976282
1.4037155493121431e+18,-0.2623891,1.073865,-0.4490982,0.06478363,0.004783072,-0.03755044,0.9971811
1.403715549362143e+18,-0.3167224,1.050783,-0.381837,0.06898344,-0.0009858988,-0.03306695,0.9970692
1.4037155494121431e+18,-0.3640208,1.035103,-0.3148134,0.07011303,-0.007246037,-0.02730749,0.9971389
1.403715549462143e+18,-0.4219956,1.010408,-0.2518827,0.06670108,-0.01220741,-0.02032116,0.9974914
1.4037155495121431e+18,-0.4663011,0.9948359,-0.1920632,0.06277493,-0.01752778,-0.01445762,0.9977691
1.403715549562143e+18,-0.5137621,0.9826471,-0.1306729,0.0554358,-0.02158388,-0.008964627,0.9981887
1.4037155496121431e+18,-0.5582266,0.9686375,-0.07286958,0.04809875,-0.02413675,-0.002479247,0.9985479
1.403715549662143e+18,-0.5953574,0.95603,-0.01633733,0.04026024,-0.02493145,0.004893985,0.9988661
1.4037155497121431e+18,-0.6279899,0.9470858,0.03787927,0.03723754,-0.02316688,0.01272355,0.9989569
1.403715549762143e+18,-0.6625581,0.926748,0.09301225,0.03524373,-0.01814663,0.02056371,0.9990023
1.4037155498121431e+18,-0.6876155,0.9162536,0.1454178,0.03806589,-0.01123693,0.02806354,0.9988179
1.403715549862143e+18,-0.7113342,0.9028349,0.1957938,0.04057852,-0.001966182,0.0359266,0.9985284
1.4037155499121431e+18,-0.726001,0.8848633,0.2448724,0.04121118,0.007164462,0.04707355,0.9980152
1.403715549962143e+18,-0.7371525,0.8676198,0.2926334,0.04219576,0.017378,0.05986123,0.9971631
1.4037155500121431e+18,-0.7461277,0.8512692,0.3424997,0.04219021,0.03044314,0.0739849,0.9959013
1.403715550062143e+18,-0.749608,0.8285365,0.3892601,0.03916788,0.04617167,0.08600941,0.9944528
1.4037155501121431e+18,-0.7413167,0.8100187,0.4319714,0.03639204,0.0643307,0.09284006,0.992934
1.403715550162143e+18,-0.7319676,0.7876958,0.4745387,0.03284946,0.08518502,0.09525252,0.9912575
1.4037155502121431e+18,-0.7131363,0.770702,0.5146571,0.03198883,0.1057213,0.09712175,0.9891244
1.403715550262143e+18,-0.6867303,0.7505372,0.5441252,0.02992458,0.1245027,0.09854355,0.9868601
1.4037155503121431e+18,-0.6578313,0.7170514,0.5799245,0.02670388,0.1448551,0.1007967,0.983943
1.403715550362143e+18,-0.6205752,0.6850513,0.607416,0.02695997,0.1634359,0.1029447,0.9807978
1.4037155504121431e+18,-0.5831851,0.6478271,0.6327436,0.02746858,0.1835421,0.1034681,0.9771654
1.403715550462143e+18,-0.5416344,0.6083802,0.6584839,0.0281089,0.2041569,0.1035168,0.9730437
1.4037155505121431e+18,-0.4889661,0.5812249,0.678056,0.03144903,0.2228729,0.1054661,0.9686152
1.403715550562143e+18,-0.4454576,0.5460729,0.7019835,0.03162446,0.2423519,0.1085714,0.9635755
1.4037155506121431e+18,-0.3974917,0.509798,0.732906,0.03216814,0.2617231,0.1150476,0.9577214
1.403715550662143e+18,-0.3470747,0.4790018,0.7506424,0.03394752,0.2781765,0.1243642,0.9518397
1.4037155507121431e+18,-0.2915008,0.4563416,0.7750061,0.03709375,0.2946494,0.1350426,0.9452879
1.403715550762143e+18,-0.2415164,0.4386433,0.8001359,0.04034015,0.3097779,0.1470989,0.9384947
1.4037155508121431e+18,-0.1852249,0.417823,0.8272781,0.04339749,0.3244714,0.161337,0.9310238
1.403715550862143e+18,-0.1254565,0.3992024,0.8573101,0.04535298,0.3396448,0.1748113,0.9230524
1.4037155509121431e+18,-0.0641695,0.3965219,0.8780242,0.04932075,0.352809,0.18756,0.9153767
1.403715550962143e+18,-0.00156486,0.3935679,0.9005679,0.05266357,0.3677548,0.1984445,0.9069745
1.4037155510121431e+18,0.07024117,0.3868338,0.9224148,0.05348481,0.383507,0.2071828,0.8984081
1.403715551062143e+18,0.1398697,0.3852884,0.9374733,0.05427546,0.4008476,0.210247,0.8900403
1.4037155511121431e+18,0.2154321,0.379559,0.953145,0.0551368,0.4186682,0.2133178,0.8810065
1.403715551162143e+18,0.2934543,0.3680025,0.9538241,0.0555965,0.4363604,0.2163944,0.8715917
1.4037155512121431e+18,0.3703283,0.359807,0.9541761,0.0581865,0.4514755,0.2221212,0.8622334
1.403715551262143e+18,0.4513555,0.3513793,0.9439166,0.06309529,0.4661939,0.2289652,0.8522072
1.4037155513121431e+18,0.5338758,0.3354941,0.9382086,0.06683088,0.4812109,0.2385088,0.8408824
1.403715551362143e+18,0.6213416,0.3238882,0.9208336,0.07065459,0.4951281,0.2481351,0.8296295
1.4037155514121431e+18,0.7083465,0.3115126,0.9020469,0.07433473,0.5095813,0.2563668,0.8179715
1.403715551462143e+18,0.8001702,0.3062977,0.8794004,0.07923427,0.5249308,0.2631845,0.8055456
1.4037155515121431e+18,0.8878882,0.2996894,0.8548398,0.08239145,0.5406119,0.2680978,0.7931419
1.403715551562143e+18,0.9890279,0.2940647,0.8237672,0.08418719,0.5579817,0.2693345,0.7804024
1.4037155516121431e+18,1.083345,0.2999973,0.7974372,0.08405995,0.5754516,0.2673441,0.7683206
1.403715551662143e+18,1.175068,0.2850659,0.7494628,0.08438873,0.5947088,0.2636712,0.7547698
1.4037155517121431e+18,1.274092,0.2893502,0.7093575,0.08648113,0.613627,0.2581668,0.7411699
1.403715551762143e+18,1.367953,0.291029,0.672743,0.08881883,0.6326222,0.254631,0.7259914
1.4037155518121431e+18,1.45338,0.2908888,0.6146959,0.09349063,0.64775,0.2527193,0.7126095
1.403715551862143e+18,1.540677,0.289194,0.5677465,0.09900786,0.6639799,0.2510909,0.6973389
1.4037155519121431e+18,1.620024,0.2924073,0.526124,0.1067206,0.6790583,0.2486408,0.682399
1.403715551962143e+18,1.706195,0.3089614,0.4724635,0.1116887,0.6950065,0.2452958,0.6665745
1.4037155520121431e+18,1.776079,0.3219028,0.4163024,0.1117475,0.7103851,0.2419909,0.6513876
1.403715552062143e+18,1.850452,0.3295882,0.3560543,0.1047038,0.7254136,0.2404603,0.6363891
1.4037155521121431e+18,1.915384,0.3450452,0.2911367,0.1009274,0.7372897,0.2421889,0.6225449
1.403715552162143e+18,1.976507,0.3555664,0.2319813,0.09511045,0.7493678,0.2449448,0.6077862
1.4037155522121431e+18,2.03621,0.3654026,0.170064,0.09249049,0.761805,0.2445035,0.5927198
1.403715552262143e+18,2.087506,0.3752401,0.1123264,0.08988249,0.7753772,0.2415645,0.5765051
1.4037155523121431e+18,2.133691,0.3869977,0.05056787,0.0903295,0.7882944,0.2385438,0.5599369
1.403715552362143e+18,2.173838,0.398016,-0.01183915,0.08934125,0.8004413,0.2379224,0.5428673
1.4037155524121431e+18,2.210849,0.4157316,-0.06431317,0.08726088,0.8125755,0.2384138,0.5246574
1.403715552462143e+18,2.241137,0.4300798,-0.1136382,0.08607101,0.8243769,0.2398571,0.5054337
1.4037155525121431e+18,2.266658,0.443527,-0.1745965,-0.08663235,-0.8350357,-0.2423277,-0.4862998
1.403715552562143e+18,2.287717,0.458905,-0.2190099,-0.08921722,-0.8456025,-0.2452418,-0.4656751
1.4037155526121431e+18,2.309949,0.4640258,-0.2723258,-0.09229023,-0.8556733,-0.2487295,-0.4443415
1.403715552662143e+18,2.317999,0.4810752,-0.3100355,-0.09758616,-0.8651688,-0.2525804,-0.4220937
1.4037155527121431e+18,2.324603,0.4973535,-0.3569126,-0.1013409,-0.8736944,-0.2585727,-0.3994099
1.403715552762143e+18,2.329942,0.5126745,-0.3875093,-0.1044269,-0.8820296,-0.2656085,-0.3749279
1.4037155528121431e+18,2.328596,0.5198187,-0.4284945,-0.1061203,-0.8894669,-0.2733485,-0.350525
1.403715552862143e+18,2.314216,0.5289863,-0.4695377,-0.106963,-0.8958768,-0.2820893,-0.3261739
1.4037155529121431e+18,2.301732,0.5362685,-0.5014355,-0.1098728,-0.9011746,-0.2920338,-0.3008799
1.403715552962143e+18,2.273236,0.5463448,-0.5414298,-0.1139622,-0.9042643,-0.3039661,-0.2773508
1.4037155530121431e+18,2.244255,0.5610704,-0.5700786,-0.119055,-0.9072385,-0.3141256,-0.2531193
1.403715553062143e+18,2.216398,0.5757526,-0.5940831,-0.1242482,-0.9101417,-0.3228513,-0.2279725
1.4037155531121431e+18,2.163218,0.5967184,-0.6320174,-0.1274399,-0.9125059,-0.3300692,-0.205296
1.403715553162143e+18,2.12005,0.608404,-0.6520531,-0.1263536,-0.916784,-0.332903,-0.18088
1.4037155532121431e+18,2.061553,0.6344341,-0.6846709,-0.1256912,-0.9211607,-0.3325193,-0.1584163
1.403715553262143e+18,2.001797,0.6500708,-0.7102467,-0.1271985,-0.9252698,-0.3307441,-0.1352949
1.4037155533121431e+18,1.932624,0.6686269,-0.7317455,-0.1261236,-0.9302868,-0.3256668,-0.1122517
1.403715553362143e+18,1.858869,0.6823142,-0.7518313,-0.1218643,-0.9364668,-0.3167835,-0.08847239
1.4037155534121431e+18,1.772621,0.6941443,-0.7736855,-0.1152674,-0.9419518,-0.3083972,-0.06581462
1.403715553462143e+18,1.680921,0.7096922,-0.7942401,-0.1030492,-0.9483763,-0.2968388,-0.04301159
1.4037155535121431e+18,1.596048,0.7335564,-0.8089428,-0.09312985,-0.9533973,-0.2862815,-0.0200842
1.403715553562143e+18,1.494664,0.7442497,-0.814926,-0.08231798,-0.9568095,-0.278814,0.001449067
1.4037155536121431e+18,1.409537,0.7698365,-0.8103193,-0.07226236,-0.9588407,-0.2737273,0.0218201
1.403715553662143e+18,1.329687,0.7980561,-0.7950037,-0.06199956,-0.9599847,-0.270237,0.03946355
1.4037155537121431e+18,1.228594,0.8091294,-0.7836194,-0.05425794,-0.9586585,-0.2743591,0.05250775
1.403715553762143e+18,1.153934,0.8212691,-0.7615569,-0.0443235,-0.9549665,-0.2862018,0.06452077
1.4037155538121431e+18,1.075847,0.8396459,-0.7365737,-0.03588795,-0.9496871,-0.3022406,0.07387272
1.403715553862143e+18,0.9911833,0.8379106,-0.7043707,-0.02756524,-0.9437712,-0.3194119,0.08069847
1.4037155539121431e+18,0.9039924,0.8515608,-0.6668508,-0.01983667,-0.93876,-0.3332507,0.085324
1.403715553962143e+18,0.8098408,0.8493588,-0.6304036,-0.01596643,-0.9328665,-0.3489847,0.08783467
1.4037155540121431e+18,0.7171898,0.8546808,-0.5851324,-0.01517295,-0.9266549,-0.3648343,0.08931111
1.403715554062143e+18,0.642613,0.8478286,-0.5506651,-0.0166583,-0.9191416,-0.3828877,0.0910946
1.4037155541121431e+18,0.5573018,0.8380445,-0.512039,-0.01901445,-0.9111531,-0.4013802,0.09128235
1.403715554162143e+18,0.46995,0.844135,-0.4755558,-0.01935396,-0.9036934,-0.4180814,0.09039689
1.4037155542121431e+18,0.3880045,0.8440462,-0.4443585,-0.02101974,-0.8973729,-0.4315431,0.08972517
1.403715554262143e+18,0.2998227,0.8494962,-0.4186161,-0.02000557,-0.8925318,-0.4419205,0.0877111
1.4037155543121431e+18,0.2129329,0.8518137,-0.3934227,-0.014462,-0.8886123,-0.450288,0.08602245
1.403715554362143e+18,0.1362922,0.8615478,-0.3761243,-0.002069977,-0.8867911,-0.454531,0.08365966
1.4037155544121431e+18,0.05770063,0.87866,-0.360707,0.01815595,-0.8881258,-0.452461,0.07862561
1.403715554462143e+18,-0.01441452,0.8964603,-0.3499795,0.05330278,-0.8932356,-0.4408192,0.07048024
1.4037155545121431e+18,-0.09140047,0.9207408,-0.3466308,0.09017093,-0.8984192,-0.4256141,0.05970589
1.403715554562143e+18,-0.1591264,0.9488951,-0.3447285,0.1297378,-0.9018579,-0.4090583,0.04991699
1.4037155546121431e+18,-0.2236595,0.9890231,-0.3418848,0.1666258,-0.9048735,-0.3895978,0.04066009
1.403715554662143e+18,-0.272514,1.020734,-0.3447214,0.1963814,-0.9052337,-0.3752968,0.03374238
1.4037155547121431e+18,-0.3197618,1.06206,-0.350201,0.2189523,-0.9056379,-0.3620977,0.02766357
1.403715554762143e+18,-0.3429304,1.095658,-0.3559018,0.2365082,-0.9055473,-0.3513747,0.02416301
1.4037155548121431e+18,-0.3473588,1.129947,-0.3588926,0.2500302,-0.9066626,-0.3390996,0.02143083
1.403715554862143e+18,-0.3289286,1.159396,-0.3627893,0.253374,-0.9097807,-0.3281897,0.01980348
1.4037155549121431e+18,-0.290906,1.176578,-0.3701843,0.2484227,-0.9136925,-0.3209949,0.02035964
1.403715554962143e+18,-0.2323244,1.186849,-0.3755208,0.2389031,-0.9200312,-0.3098219,0.02187127
1.4037155550121431e+18,-0.15449,1.182731,-0.384378,0.2121043,-0.9271355,-0.307846,0.02573704
1.403715555062143e+18,-0.03843218,1.164835,-0.3848282,0.1730053,-0.9331313,-0.3134683,0.03275456
1.4037155551121431e+18,0.06825173,1.142637,-0.3936788,0.1234269,-0.9375209,-0.3230723,0.03800958
1.403715555162143e+18,0.1922703,1.112245,-0.3942686,0.07242325,-0.9377386,-0.3368906,0.0436572
1.4037155552121431e+18,0.3192101,1.077205,-0.3951786,0.02274087,-0.9352224,-0.3501253,0.04747729
1.403715555262143e+18,0.4436855,1.047595,-0.4048027,-0.03429321,-0.9286689,-0.365888,0.05024055
1.4037155553121431e+18,0.5615723,1.027649,-0.4042487,-0.08579187,-0.9207168,-0.377165,0.05164159
1.403715555362143e+18,0.6969161,1.010121,-0.3963674,-0.1151167,-0.9152886,-0.3822081,0.05396225
1.4037155554121431e+18,0.8173004,1.002208,-0.3907229,-0.1328923,-0.9126159,-0.3826431,0.05528176
1.403715555462143e+18,0.9110532,1.002833,-0.3882148,-0.1334027,-0.9149873,-0.3768769,0.05445888
1.4037155555121431e+18,1.008653,0.9847074,-0.3879935,-0.1274084,-0.917918,-0.3717389,0.05480623
1.403715555562143e+18,1.099536,0.9630095,-0.3904899,-0.1145171,-0.921685,-0.3666366,0.0544082
1.4037155556121431e+18,1.181895,0.940447,-0.3886963,-0.1032554,-0.924847,-0.3621989,0.05299344
1.403715555662143e+18,1.251981,0.9183075,-0.3906575,-0.09138172,-0.9266473,-0.3611348,0.05055619
1.4037155557121431e+18,1.319739,0.8909087,-0.391159,-0.08265635,-0.9269201,-0.3628945,0.04790246
1.403715555762143e+18,1.392507,0.8566711,-0.3956749,-0.08398318,-0.9252564,-0.36711,0.04558305
1.4037155558121431e+18,1.45042,0.8239558,-0.4017833,-0.08971931,-0.9229969,-0.3718132,0.04221566
1.403715555862143e+18,1.506707,0.7810082,-0.4102806,-0.09839652,-0.9202402,-0.3766609,0.04003404
1.4037155559121431e+18,1.55387,0.7413788,-0.4200548,-0.1031534,-0.9188726,-0.3789891,0.03741469
1.403715555962143e+18,1.596553,0.701786,-0.431703,-0.1074168,-0.9171767,-0.382122,0.03509149
1.4037155560121431e+18,1.632045,0.6571165,-0.4430311,-0.1156293,-0.9144364,-0.3864259,0.03333332
1.403715556062143e+18,1.662424,0.6194664,-0.4541761,-0.1284983,-0.9107026,-0.3912539,0.03208369
1.4037155561121431e+18,1.685548,0.5827561,-0.4641173,-0.1367178,-0.9085501,-0.3935465,0.03108271
1.403715556162143e+18,1.702318,0.5478415,-0.4728531,-0.1393926,-0.9094817,-0.3904709,0.03074521
1.4037155562121431e+18,1.710899,0.5170271,-0.485521,-0.1404836,-0.9115311,-0.3852757,0.03062793
1.403715556262143e+18,1.709237,0.491723,-0.498091,-0.1381075,-0.9145417,-0.3789794,0.03024036
1.4037155563121431e+18,1.703456,0.4630339,-0.5068839,-0.1336767,-0.9173174,-0.373919,0.02904978
1.403715556362143e+18,1.688129,0.43796,-0.5238521,-0.1295079,-0.9189822,-0.371439,0.02706564
1.4037155564121431e+18,1.664448,0.4179904,-0.5307146,-0.1239972,-0.9209048,-0.3687142,0.02467453
1.403715556462143e+18,1.640291,0.3903922,-0.539063,-0.112966,-0.9223051,-0.3688999,0.02246846
1.4037155565121431e+18,1.608312,0.3820552,-0.5500544,-0.0948331,-0.9237026,-0.370681,0.01938724
1.403715556562143e+18,1.574913,0.372845,-0.5492516,-0.07642595,-0.9247061,-0.3725607,0.01661992
1.4037155566121431e+18,1.538105,0.3677554,-0.5555829,-0.06128084,-0.9249506,-0.3748538,0.01398826
1.403715556662143e+18,1.499056,0.3657837,-0.5568361,-0.04992076,-0.9236831,-0.379722,0.01134213
1.4037155567121431e+18,1.457139,0.3685587,-0.5615106,-0.04177338,-0.9212876,-0.3865308,0.008839034
1.403715556762143e+18,1.416128,0.3814382,-0.5598826,-0.03390923,-0.9196638,-0.3911869,0.006440902
1.4037155568121431e+18,1.371453,0.3966568,-0.5596019,-0.02407611,-0.9201413,-0.3908228,0.004222255
1.403715556862143e+18,1.331493,0.4021322,-0.5629162,-0.01527645,-0.9205633,-0.390286,0.002600278
1.4037155569121431e+18,1.293245,0.4223086,-0.5642953,-0.00683039,-0.9215783,-0.3881313,0.0009395425
1.403715556962143e+18,1.252753,0.4376382,-0.5657049,-0.000854827,-0.9220306,-0.3871162,-6.294388e-05
1.4037155570121431e+18,1.21713,0.4533609,-0.575999,-0.0007264607,-0.9200554,-0.3917871,-0.0006402947
1.403715557062143e+18,1.188264,0.4645864,-0.5819778,-0.003569567,-0.9167997,-0.3993311,-0.0004494736
1.4037155571121431e+18,1.151412,0.4852449,-0.591848,-0.008989989,-0.9128981,-0.4080876,-0.0008547954
1.403715557162143e+18,1.118025,0.4997734,-0.6029476,-0.01533914,-0.9084384,-0.417737,-0.0005557985
1.4037155572121431e+18,1.088282,0.5189738,-0.618946,-0.02053541,-0.9044979,-0.4259835,4.227205e-05
1.403715557262143e+18,1.054784,0.5346534,-0.6385968,-0.02495615,-0.9005851,-0.4339623,0.0005725071
1.4037155573121431e+18,1.024307,0.5559931,-0.6617537,-0.02667507,-0.8984262,-0.4383102,0.001725559
1.403715557362143e+18,0.9900298,0.5771253,-0.6907633,-0.02842097,-0.8962714,-0.4425886,0.00227594
1.4037155574121431e+18,0.9598512,0.6022954,-0.7215465,-0.02935763,-0.8968277,-0.4413876,0.00389512
1.403715557462143e+18,0.9262953,0.6309023,-0.7611493,-0.02822996,-0.8992116,-0.4365754,0.004855546
1.4037155575121431e+18,0.8913658,0.6578719,-0.8064899,-0.02446892,-0.9037787,-0.4272594,0.005901777
1.403715557562143e+18,0.8540673,0.6915861,-0.8512446,-0.02005752,-0.9090452,-0.4161592,0.006782922
1.4037155576121431e+18,0.8249536,0.7213117,-0.8984647,-0.01405165,-0.9132602,-0.4070517,0.008202517
1.403715557662143e+18,0.7995062,0.7568881,-0.9508994,-0.007901266,-0.9174943,-0.3975503,0.009773646
1.4037155577121431e+18,0.7607191,0.7851819,-1.006829,-0.001909942,-0.9206418,-0.3902571,0.01069927
1.403715557762143e+18,0.7287228,0.8241475,-1.058266,-0.0002711364,-0.9229651,-0.3846988,0.01192211
1.4037155578121431e+18,0.7118592,0.8498759,-1.113947,-0.001627711,-0.9236935,-0.3828266,0.01521847
1.403715557862143e+18,0.685919,0.879609,-1.174821,-0.004374795,-0.9236841,-0.382707,0.01799831
1.4037155579121431e+18,0.6542538,0.9044782,-1.235052,-0.007383155,-0.9233193,-0.3834138,0.02051474
1.403715557962143e+18,0.6317045,0.9275321,-1.293551,-0.009756905,-0.9233813,-0.383013,0.02393278
1.4037155580121431e+18,0.611111,0.9466558,-1.355011,-0.01182608,-0.9235549,-0.3823287,0.0270401
1.403715558062143e+18,0.5928073,0.9628409,-1.42247,-0.011687,-0.9234878,-0.3822786,0.0299455
1.4037155581121431e+18,0.5702541,0.9723561,-1.490611,-0.01278612,-0.9225847,-0.3842192,0.03239858
1.403715558162143e+18,0.5365833,0.9795804,-1.566456,-0.01318884,-0.9214848,-0.3867713,0.03316322
1.4037155582121431e+18,0.5212143,0.9943696,-1.633326,-0.008640155,-0.9207922,-0.3883896,0.03493854
1.403715558262143e+18,0.4894737,1.006253,-1.705489,-0.00497973,-0.9204186,-0.38931,0.03525017
1.4037155583121431e+18,0.4684082,1.018539,-1.778971,0.003567687,-0.9209209,-0.3880788,0.03587241
1.403715558362143e+18,0.4550969,1.032934,-1.850886,0.01052095,-0.9230378,-0.3827747,0.03706982
1.4037155584121431e+18,0.4370824,1.055023,-1.919142,0.01532005,-0.9262004,-0.3748811,0.03718026
1.403715558462143e+18,0.4039187,1.06144,-2.000408,0.01212069,-0.929687,-0.3664094,0.03576813
1.4037155585121431e+18,0.4042068,1.085325,-2.06592,0.00851378,-0.9349398,-0.3527332,0.03734251
1.403715558562143e+18,0.3916845,1.105444,-2.137763,0.003637302,-0.9393847,-0.3408007,0.03739201
1.4037155586121431e+18,0.3836654,1.123836,-2.205595,-0.0003036828,-0.9429476,-0.3307565,0.03807622
1.403715558662143e+18,0.3697311,1.150027,-2.265672,-0.004963662,-0.9447974,-0.3254205,0.03787906
1.4037155587121431e+18,0.3550511,1.174285,-2.326315,-0.007918071,-0.9460058,-0.3219842,0.03655849
1.403715558762143e+18,0.3494152,1.201966,-2.379712,-0.007959493,-0.9463526,-0.3212626,0.03381971
1.4037155588121431e+18,0.3446572,1.231631,-2.426012,-0.006259677,-0.9469502,-0.320015,0.0289234
1.403715558862143e+18,0.3424461,1.256206,-2.471664,-0.00288179,-0.9471867,-0.3198971,0.0222465
1.4037155589121431e+18,0.3448962,1.279083,-2.512956,0.002953187,-0.9474077,-0.3196799,0.01465286
1.403715558962143e+18,0.348606,1.302439,-2.549988,0.007678037,-0.9481625,-0.3176414,0.005729492
1.4037155590121431e+18,0.348239,1.320173,-2.58668,0.01339713,-0.9484013,-0.3167593,-0.004367813
1.403715559062143e+18,0.3546267,1.341524,-2.617914,0.01616804,-0.9485466,-0.3158557,-0.01526797
1.4037155591121431e+18,0.3617869,1.350024,-2.652297,0.01637106,-0.9485828,-0.3149284,-0.02725478
1.403715559162143e+18,0.3701438,1.360973,-2.678918,0.01603984,-0.9485742,-0.3136329,-0.03979922
1.4037155592121431e+18,0.378696,1.370982,-2.703088,0.01643508,-0.9486099,-0.3114789,-0.05338638
1.403715559262143e+18,0.3953546,1.378153,-2.720502,0.01778875,-0.9485646,-0.3090684,-0.0662231
1.4037155593121431e+18,0.4036946,1.38492,-2.735512,0.01913386,-0.9480925,-0.3069955,-0.08067466
1.403715559362143e+18,0.4223324,1.3908,-2.74476,0.02176345,-0.9470336,-0.3061528,-0.09446809
1.4037155594121431e+18,0.4369569,1.39061,-2.755503,0.02315369,-0.9446447,-0.3087009,-0.1086931
1.403715559462143e+18,0.4484608,1.390368,-2.76561,0.02602787,-0.9405177,-0.3158443,-0.1224394
1.4037155595121431e+18,0.4672803,1.394609,-2.769953,0.02415164,-0.9354728,-0.3260379,-0.1341882
1.403715559562143e+18,0.4917492,1.397276,-2.772554,0.01783552,-0.930376,-0.3367263,-0.1438673
1.4037155596121431e+18,0.5117528,1.400039,-2.774062,0.01036341,-0.925774,-0.3457108,-0.1527065
1.403715559662143e+18,0.5436755,1.416141,-2.76429,0.007135903,-0.9230379,-0.3501054,-0.1592992
1.4037155597121431e+18,0.5712495,1.435489,-2.753425,0.007730869,-0.9209118,-0.3523095,-0.1665525
1.403715559762143e+18,0.5963569,1.450646,-2.746319,0.009972277,-0.9192431,-0.3526748,-0.1746802
1.4037155598121431e+18,0.6311694,1.467699,-2.738445,0.01217606,-0.9175365,-0.3529819,-0.1827082
1.403715559862143e+18,0.6627852,1.483286,-2.72819,0.0139721,-0.9156028,-0.3529387,-0.1921213
1.4037155599121431e+18,0.6972415,1.501565,-2.716279,0.01784478,-0.9138661,-0.351519,-0.2023974
1.403715559962143e+18,0.7345823,1.515858,-2.705358,0.02220754,-0.9116516,-0.3504238,-0.2135446
1.4037155600121431e+18,0.7656337,1.527534,-2.698247,0.02656049,-0.908818,-0.3495253,-0.2262222
1.403715560062143e+18,0.8139807,1.540906,-2.68413,0.0285277,-0.9064493,-0.3480167,-0.2375294
1.4037155601121431e+18,0.859991,1.550936,-2.669847,0.03144743,-0.9034625,-0.3472754,-0.2493318
1.403715560162143e+18,0.9037384,1.557167,-2.660623,0.02917338,-0.9000192,-0.3466635,-0.262562
1.4037155602121431e+18,0.9580575,1.556347,-2.647624,0.0232026,-0.896136,-0.3479345,-0.2744876
1.403715560262143e+18,1.0087,1.554461,-2.639018,0.01492495,-0.8921733,-0.3482399,-0.2872856
1.4037155603121431e+18,1.066407,1.548228,-2.628277,0.008681658,-0.8877978,-0.3496436,-0.2991475
1.403715560362143e+18,1.124145,1.536109,-2.622433,0.002939445,-0.883319,-0.3502543,-0.3115459
1.4037155604121431e+18,1.180912,1.527564,-2.611416,-0.001617621,-0.8796184,-0.348422,-0.3238378
1.403715560462143e+18,1.246369,1.51812,-2.598306,-0.002434932,-0.8757907,-0.3474802,-0.335026
1.4037155605121431e+18,1.30428,1.507763,-2.595001,-0.004811533,-0.8716392,-0.3460422,-0.3470977
1.403715560562143e+18,1.368481,1.50158,-2.583824,-0.007208732,-0.8679484,-0.3437687,-0.3583806
1.4037155606121431e+18,1.433448,1.493056,-2.57665,-0.007398288,-0.8636762,-0.3416601,-0.370509
1.403715560662143e+18,1.500178,1.482458,-2.566687,-0.008089323,-0.8595706,-0.3387871,-0.3824869
1.4037155607121431e+18,1.567866,1.474033,-2.559562,-0.008763984,-0.8548426,-0.3362378,-0.3951094
1.403715560762143e+18,1.632834,1.466014,-2.555837,-0.008059138,-0.8501568,-0.3323066,-0.408339
1.4037155608121431e+18,1.700854,1.459824,-2.544325,-0.00649204,-0.8458171,-0.3273567,-0.4211756
1.403715560862143e+18,1.769088,1.448967,-2.534875,-0.001694549,-0.8412954,-0.3218386,-0.434326
1.4037155609121431e+18,1.837799,1.435368,-2.52951,0.001606792,-0.8353472,-0.318625,-0.4479628
1.403715560962143e+18,1.912112,1.429999,-2.517218,0.004162298,-0.8297855,-0.3130754,-0.4619769
1.4037155610121431e+18,1.980994,1.423693,-2.510058,0.004398244,-0.8229963,-0.3085622,-0.4769142
1.403715561062143e+18,2.056029,1.409833,-2.499173,0.00430418,-0.8157231,-0.3055519,-0.4911368
1.4037155611121431e+18,2.130875,1.392974,-2.490959,-0.002255442,0.8073727,0.3039854,0.5057046
1.403715561162143e+18,2.203586,1.38448,-2.479496,0.001766046,0.7989004,0.3018434,0.5202361
1.4037155612121431e+18,2.283129,1.369735,-2.464526,0.004535204,0.7909599,0.3006807,0.5328724
1.403715561262143e+18,2.359655,1.355271,-2.454012,0.0132737,0.7830397,0.3018503,0.5436534
1.4037155613121431e+18,2.436603,1.346106,-2.445182,0.02329027,0.7749039,0.304514,0.5534011
1.403715561362143e+18,2.512501,1.329148,-2.431813,0.03200619,0.7674518,0.3076649,0.5615476
1.4037155614121431e+18,2.589038,1.319428,-2.421711,0.03941723,0.7604863,0.3084812,0.5700405
1.403715561462143e+18,2.668527,1.307668,-2.412516,0.04207317,0.754875,0.306737,0.578192
1.4037155615121431e+18,2.74577,1.296492,-2.401168,0.04044764,0.7514274,0.3001019,0.5862251
1.403715561562143e+18,2.817084,1.291107,-2.397969,0.03896717,0.7476961,0.292419,0.5949145
1.4037155616121431e+18,2.895412,1.285298,-2.394165,0.03526136,0.7444906,0.2836618,0.603346
1.403715561662143e+18,2.972327,1.27606,-2.39035,0.03039051,0.7414795,0.2746486,0.611435
1.4037155617121431e+18,3.047032,1.267946,-2.385912,0.03081393,0.7384656,0.2644446,0.6195063
1.403715561762143e+18,3.116619,1.259612,-2.384483,0.02962512,0.7345828,0.2541372,0.6284304
1.4037155618121431e+18,3.193337,1.246801,-2.37609,0.03191994,0.729975,0.2453349,0.637125
1.403715561862143e+18,3.266048,1.238951,-2.370662,0.0334586,0.7243052,0.2363907,0.6468247
1.4037155619121431e+18,3.335021,1.226541,-2.364026,0.03713018,0.7175869,0.2279738,0.6570528
1.403715561962143e+18,3.401548,1.216953,-2.357839,0.04162097,0.7115436,0.2170318,0.6669863
1.4037155620121431e+18,3.465753,1.203452,-2.346711,0.04731572,0.705717,0.2069753,0.6759334
1.403715562062143e+18,3.527639,1.185863,-2.337846,0.05335535,0.7001045,0.1978294,0.6840106
1.4037155621121431e+18,3.583435,1.173175,-2.323743,0.05838107,0.6966067,0.1873501,0.6900948
1.403715562162143e+18,3.637757,1.156613,-2.312168,0.06200555,0.6937,0.1784063,0.6950589
1.4037155622121431e+18,3.688207,1.142139,-2.299288,0.06309339,0.6914667,0.1702314,0.6992241
1.403715562262143e+18,3.731112,1.125909,-2.284166,0.05863217,0.6899785,0.1647353,0.7023917
1.4037155623121431e+18,3.7695,1.110702,-2.26529,0.05217528,0.6888765,0.1616865,0.7046875
1.403715562362143e+18,3.802776,1.095266,-2.243778,0.0421206,0.6876677,0.1614397,0.7065948
1.4037155624121431e+18,3.833703,1.079458,-2.219573,0.02923728,0.6858573,0.1642663,0.7083514
1.403715562462143e+18,3.8622,1.063357,-2.191846,0.01635706,0.6837657,0.1667401,0.7102075
1.4037155625121431e+18,3.88454,1.045013,-2.161776,0.004724611,0.6807303,0.1683221,0.7129176
1.403715562562143e+18,3.905706,1.022345,-2.125588,-0.003759151,0.6782913,0.1641814,0.7162062
1.4037155626121431e+18,3.924289,1.00119,-2.084725,-0.006876487,0.6742337,0.1598223,0.7209844
1.403715562662143e+18,3.944849,0.9741079,-2.0416,-0.005893,0.666722,0.1646829,0.7268609
1.4037155627121431e+18,3.959411,0.948394,-1.998178,0.0006994482,0.6570942,0.1761718,0.7329326
1.403715562762143e+18,3.972955,0.916151,-1.941463,0.007799448,0.6490709,0.18752,0.7372127
1.4037155628121431e+18,3.987231,0.8856069,-1.892886,0.0147206,0.6404573,0.1972073,0.7420964
1.403715562862143e+18,4.001252,0.855139,-1.835846,0.02082739,0.6315826,0.2056897,0.7472359
1.4037155629121431e+18,4.016095,0.824913,-1.782135,0.02663768,0.6222234,0.2116376,0.7532185
1.403715562962143e+18,4.028101,0.7963933,-1.724263,0.03091763,0.613394,0.2141376,0.7595637
1.4037155630121431e+18,4.03992,0.7666845,-1.663201,0.03464168,0.6047544,0.2147301,0.7661352
1.403715563062143e+18,4.051752,0.7376265,-1.60626,0.03862535,0.596209,0.2113045,0.7735589
1.4037155631121431e+18,4.068426,0.7111679,-1.551114,0.04115879,0.5882089,0.2024292,0.7818816
1.403715563162143e+18,4.074598,0.68542,-1.49648,0.04477485,0.5799794,0.1927923,0.7902218
1.4037155632121431e+18,4.084509,0.6581819,-1.433424,0.04934577,0.5700793,0.1797108,0.8001742
1.403715563262143e+18,4.094186,0.6307166,-1.377104,0.05593544,0.5573573,0.1682934,0.8111113
1.4037155633121431e+18,4.098871,0.5941257,-1.312768,0.05969207,0.5435911,0.1568783,0.8223958
1.403715563362143e+18,4.103347,0.5777433,-1.263322,0.06414655,0.5263557,0.145056,0.8353404
1.4037155634121431e+18,4.106076,0.5536963,-1.213088,0.06696482,0.5074287,0.1346958,0.8484626
1.403715563462143e+18,4.107859,0.5313759,-1.156415,0.06675255,0.4900308,0.1229199,0.8604096
1.4037155635121431e+18,4.099411,0.5084318,-1.095521,0.06623859,0.4717866,0.1114669,0.8721267
1.403715563562143e+18,4.089334,0.4954279,-1.035202,0.06705709,0.4544261,0.09926676,0.8826927
1.4037155636121431e+18,4.086071,0.4691795,-0.9861119,0.06539157,0.4362696,0.0881905,0.8930931
1.403715563662143e+18,4.076684,0.4578355,-0.9338982,0.06632003,0.4194451,0.07750931,0.9020309
1.4037155637121431e+18,4.054663,0.4490919,-0.8659856,0.06747077,0.4052007,0.0657525,0.9093606
1.403715563762143e+18,4.0368,0.4394593,-0.8078002,0.06946963,0.3892449,0.05562913,0.9168248
1.4037155638121431e+18,4.019318,0.4395615,-0.7576772,0.07318839,0.3704225,0.04817662,0.9247214
1.403715563862143e+18,3.995143,0.4370045,-0.7109296,0.07896694,0.3484628,0.04700178,0.9328069
1.4037155639121431e+18,3.957857,0.4386841,-0.6444905,0.08236357,0.3287973,0.04595622,0.939679
1.403715563962143e+18,3.923746,0.4480844,-0.5921252,0.086245,0.3055916,0.04677888,0.9470942
1.4037155640121431e+18,3.883838,0.4602432,-0.5353665,0.087471,0.2818491,0.05014492,0.9541464
1.403715564062143e+18,3.844364,0.4704788,-0.4865732,0.0872397,0.2563917,0.05395662,0.9611146
1.4037155641121431e+18,3.796467,0.4772817,-0.4422677,0.086859,0.2321174,0.0563471,0.9671618
1.403715564162143e+18,3.749863,0.4898941,-0.393309,0.08795185,0.2088826,0.05625667,0.9723517
1.4037155642121431e+18,3.714662,0.5052438,-0.3631611,0.0856986,0.1834167,0.05459163,0.9777699
1.403715564262143e+18,3.67513,0.5229758,-0.3383252,0.08518524,0.1588235,0.05143613,0.9822795
1.4037155643121431e+18,3.621358,0.5380109,-0.3015097,0.08284529,0.1380748,0.04225118,0.9860461
1.403715564362143e+18,3.58571,0.5520684,-0.2734059,0.08098611,0.1137171,0.03335677,0.9896449
1.4037155644121431e+18,3.547072,0.5676326,-0.2564967,0.07245139,0.08865185,0.02289268,0.9931604
1.403715564462143e+18,3.505964,0.5844389,-0.240774,0.06194958,0.06425582,0.01114658,0.9959464
1.4037155645121431e+18,3.462642,0.5926435,-0.2283474,0.05232862,0.03950198,-0.0005338741,0.9978482
1.403715564562143e+18,3.429525,0.589721,-0.225056,0.04309296,0.01529158,-0.01301851,0.9988692
1.4037155646121431e+18,3.391833,0.5847846,-0.2196364,0.03700488,-0.008813821,-0.02585964,0.9989416
1.403715564662143e+18,3.350679,0.5744905,-0.2196985,0.0325173,-0.03205283,-0.0392845,0.9981843
1.4037155647121431e+18,3.311558,0.5652602,-0.2236234,0.03052672,-0.05347764,-0.05371528,0.9966559
1.403715564762143e+18,3.274288,0.5587185,-0.2212656,0.03027042,-0.07655592,-0.06673554,0.9943688
1.4037155648121431e+18,3.239255,0.5523586,-0.2265448,0.03265978,-0.09851782,-0.08070582,0.9913194
1.403715564862143e+18,3.206322,0.5413614,-0.2348701,0.03474613,-0.1207085,-0.09224562,0.9877818
1.4037155649121431e+18,3.171902,0.5270237,-0.2345408,0.03967636,-0.1427084,-0.1030577,0.9835849
1.403715564962143e+18,3.135205,0.5162617,-0.2431083,0.04716171,-0.1628055,-0.1142559,0.9788849
1.4037155650121431e+18,3.101054,0.5040789,-0.2556127,0.05366639,-0.1848468,-0.1237076,0.9734722
1.403715565062143e+18,3.072869,0.4862699,-0.2660071,0.05831721,-0.2077992,-0.133168,0.9673081
1.4037155651121431e+18,3.036588,0.4601155,-0.2842827,0.06046486,-0.2313729,-0.1399866,0.9608405
1.403715565162143e+18,3.015086,0.4541081,-0.2953202,0.06316685,-0.2570656,-0.1427704,0.9537001
1.4037155652121431e+18,2.956612,0.4116978,-0.3284429,0.05949939,-0.2779106,-0.1472684,0.9473846
1.403715565262143e+18,2.937383,0.3965887,-0.3429178,0.06064362,-0.3026742,-0.1496936,0.9393097
1.4037155653121431e+18,2.864568,0.3461151,-0.3753125,0.05809939,-0.3202977,-0.1520161,0.9332336
1.403715565362143e+18,2.821539,0.3142911,-0.3969558,0.06071612,-0.3404941,-0.1543725,0.9254979
1.4037155654121431e+18,2.772109,0.2957506,-0.4236491,0.064886,-0.3593151,-0.1561898,0.9177621
1.403715565462143e+18,2.721004,0.2782422,-0.447223,0.06783298,-0.378247,-0.1565537,0.9098455
1.4037155655121431e+18,2.667771,0.2489858,-0.4748495,0.06825551,-0.3963242,-0.1595489,0.9015611
1.403715565562143e+18,2.62869,0.2471548,-0.4972834,0.07111634,-0.4153874,-0.1642577,0.8918605
1.4037155656121431e+18,2.594909,0.2424583,-0.5108836,0.07239839,-0.4361675,-0.1693624,0.8808137
1.403715565662143e+18,2.56708,0.2319703,-0.5333794,0.07174414,-0.4574968,-0.1744918,0.8689661
1.4037155657121431e+18,2.543742,0.2248564,-0.5600845,0.07056316,-0.4790069,-0.181168,0.856009
1.403715565762143e+18,2.506376,0.2026773,-0.6023319,0.06606542,-0.4991147,-0.1900259,0.8428583
1.4037155658121431e+18,2.476019,0.1981881,-0.6476543,0.0622596,-0.5182735,-0.2008869,0.8289516
1.403715565862143e+18,2.45121,0.2028724,-0.6698197,0.05799603,-0.5413736,-0.2096947,0.8121449
1.4037155659121431e+18,2.427585,0.1982241,-0.7153168,0.05524475,-0.5635279,-0.2197916,0.794403
1.403715565962143e+18,2.425608,0.1983433,-0.7371051,0.05383499,-0.5882302,-0.2276567,0.7741186
1.4037155660121431e+18,2.418074,0.1961309,-0.7658417,0.0535638,-0.6125311,-0.2354623,0.7526581
1.403715566062143e+18,2.40919,0.1941069,-0.8089452,0.0508602,-0.6344177,-0.2428436,0.732089
1.4037155661121431e+18,2.404211,0.1927635,-0.8502178,0.04967504,-0.6547166,-0.2511483,0.7111984
1.403715566162143e+18,2.403197,0.1931251,-0.8918853,0.04944312,-0.6750065,-0.2581815,0.6893939
1.4037155662121431e+18,2.403897,0.1903256,-0.9352949,0.04866496,-0.693226,-0.2656618,0.6682014
1.403715566262143e+18,2.404491,0.1929695,-0.9820733,0.04788177,-0.7116334,-0.2714562,0.6462172
1.4037155663121431e+18,2.411471,0.1900634,-1.025849,0.04673684,-0.7296391,-0.2773918,0.6232947
1.403715566362143e+18,2.422812,0.1943738,-1.066368,0.0464642,-0.7461054,-0.2833283,0.6007436
1.4037155664121431e+18,2.431098,0.188107,-1.100714,0.04525136,-0.7618505,-0.2899065,0.5774863
1.403715566462143e+18,2.447101,0.1882928,-1.129406,0.04460877,-0.7775852,-0.2940516,0.5539901
1.4037155665121431e+18,2.466395,0.1936411,-1.163427,0.0452567,-0.7918789,-0.2971964,0.5315581
1.403715566562143e+18,2.487981,0.2023953,-1.194886,0.04457434,-0.8051082,-0.2997487,0.5098673
1.4037155666121431e+18,2.500347,0.2152928,-1.206128,0.04461029,-0.8187478,-0.3013002,0.4867034
1.403715566662143e+18,2.529719,0.2252015,-1.230402,0.04552715,-0.8304436,-0.3047135,0.4641556
1.4037155667121431e+18,2.555109,0.2311281,-1.24638,0.0452332,-0.8422353,-0.3085271,0.4397782
1.403715566762143e+18,2.583891,0.2435959,-1.266698,0.04446137,-0.8534955,-0.3122482,0.414813
1.4037155668121431e+18,2.613909,0.2496092,-1.289399,0.0410486,-0.8642827,-0.3167809,0.3885618
1.403715566862143e+18,2.640077,0.2570678,-1.298258,0.03778577,-0.8758896,-0.3190237,0.3600188
1.4037155669121431e+18,2.68767,0.2681935,-1.32355,0.03544313,-0.8863936,-0.3203298,0.3323236
1.403715566962143e+18,2.709065,0.2776018,-1.323357,0.03256628,-0.8974615,-0.3215412,0.3001891
1.4037155670121431e+18,2.762047,0.285653,-1.346023,0.02865391,-0.9057961,-0.3252155,0.2700876
1.403715567062143e+18,2.804358,0.2819023,-1.35971,0.02232083,-0.9133821,-0.330013,0.2373317
1.4037155671121431e+18,2.841989,0.2703653,-1.353045,0.01281289,-0.921044,-0.3329472,0.2016434
1.403715567162143e+18,2.867306,0.2455285,-1.344687,0.005287251,-0.9273242,-0.3363446,0.1640554
1.4037155672121431e+18,2.906424,0.2401708,-1.342043,-0.000879808,-0.9320319,-0.3393836,0.1270224
1.403715567262143e+18,2.9605,0.236072,-1.341021,-0.005739108,-0.9339266,-0.3458984,0.09001409
1.4037155673121431e+18,3.035736,0.2502022,-1.353274,-0.008171719,-0.9349338,-0.3505507,0.05427942
1.403715567362143e+18,3.128244,0.2619184,-1.359985,-0.00658475,-0.9346014,-0.3551173,0.0192018
1.4037155674121431e+18,3.189698,0.2718624,-1.366419,-0.004585236,-0.9328877,-0.3596976,-0.0178071
1.403715567462143e+18,3.243759,0.264184,-1.361181,-0.003365604,-0.9298083,-0.3637633,-0.055871
1.4037155675121431e+18,3.294635,0.2932121,-1.364526,-0.0008655351,-0.9261609,-0.3657802,-0.09181527
1.403715567562143e+18,3.367191,0.3274144,-1.365107,0.001237049,-0.9224185,-0.3653724,-0.1250825
1.4037155676121431e+18,3.425415,0.3428847,-1.361555,0.0008622481,-0.9173805,-0.3649644,-0.158787
1.403715567662143e+18,3.478587,0.3636477,-1.342923,0.0004314129,-0.9126343,-0.3606782,-0.192379
1.4037155677121431e+18,3.557592,0.3887405,-1.326109,6.453857e-05,-0.9073886,-0.3556906,-0.2238976
1.403715567762143e+18,3.62528,0.4031371,-1.30759,-0.001789089,-0.9019483,-0.3482136,-0.2554082
1.4037155678121431e+18,3.687045,0.4179516,-1.293075,-0.004349092,-0.894999,-0.3413379,-0.2871348
1.403715567862143e+18,3.757043,0.4294965,-1.270611,-0.00476727,-0.8874238,-0.3347144,-0.3168953
1.4037155679121431e+18,3.812408,0.4477539,-1.254657,-0.005888352,-0.8780252,-0.3283643,-0.3481579
1.403715567962143e+18,3.876908,0.4693003,-1.232805,-0.004742132,-0.8682073,-0.3210508,-0.3783119
1.4037155680121431e+18,3.930059,0.4937418,-1.21577,-0.00457834,-0.8583334,-0.3120452,-0.4072722
1.403715568062143e+18,3.986346,0.519114,-1.190128,-0.007401314,-0.8483738,-0.3017454,-0.4349215
1.4037155681121431e+18,4.048141,0.5402138,-1.164352,-0.0095763,-0.8380014,-0.2911251,-0.4614196
1.403715568162143e+18,4.109129,0.5551084,-1.13643,-0.01203738,-0.8266346,-0.2812676,-0.4872565
1.4037155682121431e+18,4.160815,0.5661485,-1.10582,0.01372925,0.8140305,0.271971,0.5130281
1.403715568262143e+18,4.223246,0.5760577,-1.072989,0.01726617,0.7999666,0.2659999,0.5375865
1.4037155683121431e+18,4.272427,0.5877206,-1.035536,0.02028858,0.7854641,0.2593398,0.5615848
1.403715568362143e+18,4.328005,0.5932996,-0.9957514,0.02306703,0.7707958,0.2525977,0.584411
1.4037155684121431e+18,4.369227,0.598045,-0.959239,0.02563893,0.7547055,0.2463839,0.607501
1.403715568462143e+18,4.418363,0.6047313,-0.9167552,0.02844389,0.7391906,0.2384364,0.6292347
1.4037155685121431e+18,4.460022,0.608329,-0.877274,0.02910561,0.722626,0.2303187,0.6510898
1.403715568562143e+18,4.497135,0.6125326,-0.842483,0.03156555,0.7044749,0.2233375,0.6729332
1.4037155686121431e+18,4.538946,0.6107801,-0.7963939,0.03133884,0.687443,0.214722,0.6930617
1.403715568662143e+18,4.572779,0.6066036,-0.7568073,0.0317479,0.6687762,0.2070867,0.7133342
1.4037155687121431e+18,4.601307,0.6147906,-0.7287617,0.03441924,0.6476681,0.1986772,0.7347577
1.403715568762143e+18,4.623615,0.6086849,-0.6878974,0.03574064,0.6283911,0.1910106,0.7532345
1.4037155688121431e+18,4.653425,0.5993975,-0.6374464,0.03585636,0.6088682,0.183812,0.7708483
1.403715568862143e+18,4.677948,0.5898001,-0.6033876,0.03492682,0.5883203,0.1764106,0.7883773
1.4037155689121431e+18,4.697654,0.5617957,-0.5400877,0.03343917,0.5701987,0.1709658,0.8028237
1.403715568962143e+18,4.714052,0.5458262,-0.4913173,0.03108407,0.5502614,0.1679592,0.8173346
1.4037155690121431e+18,4.727719,0.5236655,-0.4319258,0.02758134,0.5326639,0.1640471,0.8298175
1.403715569062143e+18,4.739684,0.5129415,-0.3831801,0.02646092,0.5142581,0.1584034,0.8424648
1.4037155691121431e+18,4.752237,0.500422,-0.3351555,0.02481666,0.4955095,0.1531829,0.8546283
1.403715569162143e+18,4.760748,0.4848297,-0.2817523,0.02490554,0.4771042,0.1493395,0.8657073
1.4037155692121431e+18,4.762104,0.4689639,-0.2145181,0.02636109,0.4610999,0.1460768,0.8748448
1.403715569262143e+18,4.772688,0.466273,-0.1768624,0.0311379,0.4432055,0.1401239,0.8848529
1.4037155693121431e+18,4.774166,0.434478,-0.1147197,0.03731016,0.4315101,0.1341445,0.8912981
1.403715569362143e+18,4.788494,0.4055696,-0.07258296,0.04454894,0.4179876,0.1279153,0.8982981
1.4037155694121431e+18,4.790313,0.3899671,-0.02162325,0.05268003,0.4064611,0.1204212,0.9041643
1.403715569462143e+18,4.795502,0.3734128,0.02937698,0.05828584,0.3957615,0.1132236,0.9094812
1.4037155695121431e+18,4.801964,0.3638088,0.0725677,0.06227832,0.3835181,0.1036798,0.9155796
1.403715569562143e+18,4.798561,0.3439803,0.1196423,0.06319164,0.37186,0.09644608,0.9211
1.4037155696121431e+18,4.78447,0.327481,0.1711481,0.06302565,0.3611211,0.08833807,0.9261834
1.403715569662143e+18,4.767572,0.3105569,0.216459,0.06099288,0.3485782,0.08191927,0.9316986
1.4037155697121431e+18,4.751998,0.2936145,0.2646852,0.05827147,0.3350723,0.07656702,0.9372665
1.403715569762143e+18,4.736715,0.2772053,0.3068135,0.0563845,0.318948,0.07223808,0.9433317
1.4037155698121431e+18,4.713168,0.2560689,0.3508635,0.05442437,0.302034,0.06798691,0.949311
1.403715569862143e+18,4.689204,0.2461654,0.3919607,0.05467402,0.2825672,0.06372029,0.9555659
1.4037155699121431e+18,4.661799,0.2286022,0.4310959,0.0572102,0.2643387,0.05659131,0.9610668
1.403715569962143e+18,4.627197,0.2158617,0.4709389,0.06044408,0.2458919,0.04854,0.9661923
1.4037155700121431e+18,4.598252,0.1954497,0.5076857,0.06248578,0.2263935,0.04181875,0.9711297
1.403715570062143e+18,4.564095,0.1806296,0.5400601,0.0647655,0.2065134,0.03387914,0.9757099
1.4037155701121431e+18,4.526769,0.1807854,0.5762991,0.06832495,0.1863493,0.02520504,0.9797808
1.403715570162143e+18,4.479529,0.1658081,0.6104543,0.06953925,0.1668321,0.01786667,0.9833678
1.4037155702121431e+18,4.440773,0.1571037,0.6267548,0.07079854,0.1442769,0.009999394,0.9869508
1.403715570262143e+18,4.386425,0.1424207,0.6613401,0.07136612,0.123731,0.002726699,0.9897425
1.4037155703121431e+18,4.366991,0.1521724,0.6667964,0.07568821,0.09716509,-0.006482072,0.9923649
1.403715570362143e+18,4.310143,0.1376083,0.686409,0.07711325,0.07490905,-0.01477706,0.9940945
1.4037155704121431e+18,4.260755,0.1342709,0.7001472,0.07946942,0.05125323,-0.02400911,0.9952292
1.403715570462143e+18,4.224149,0.1435561,0.7013886,0.08360309,0.02341166,-0.03196677,0.9957111
1.4037155705121431e+18,4.149142,0.1382573,0.7260119,0.08520731,0.001929476,-0.0409829,0.9955182
1.403715570562143e+18,4.083379,0.13309,0.7322041,0.08639727,-0.02142151,-0.0511841,0.9947144
1.4037155706121431e+18,4.022801,0.1425277,0.7519735,0.0885195,-0.04518533,-0.06147007,0.9931486
1.403715570662143e+18,3.982476,0.1525732,0.7504212,0.08526473,-0.07361608,-0.07023001,0.99115
1.4037155707121431e+18,3.929939,0.1618141,0.7468443,0.08002226,-0.09979354,-0.07830352,0.9886892
1.403715570762143e+18,3.878926,0.1597648,0.7522927,0.07503467,-0.1272746,-0.08802331,0.9851004
1.4037155708121431e+18,3.828098,0.1685586,0.7411106,0.0710864,-0.154323,-0.09723072,0.9806515
1.403715570862143e+18,3.796228,0.1768068,0.750999,0.06786112,-0.1824826,-0.1064715,0.9750686
1.4037155709121431e+18,3.766832,0.1781603,0.7651535,0.06456225,-0.2128424,-0.1159251,0.9680347
1.403715570962143e+18,3.732471,0.1919774,0.7767627,0.05972116,-0.2407537,-0.1259333,0.9605269
1.4037155710121431e+18,3.705304,0.2072012,0.7757028,0.05560961,-0.2676929,-0.1333677,0.9526076
1.403715571062143e+18,3.674068,0.2171708,0.7829695,0.05167893,-0.2919288,-0.1390133,0.9448715
1.4037155711121431e+18,3.63933,0.2288103,0.7751689,0.04801338,-0.311642,-0.1411297,0.9384329
1.403715571162143e+18,3.592827,0.2336429,0.7549027,0.04611351,-0.3269697,-0.1414934,0.9332438
1.4037155712121431e+18,3.542028,0.246313,0.7362135,0.04930433,-0.3391361,-0.1390902,0.9290908
1.403715571262143e+18,3.518654,0.2500409,0.7270988,0.05614881,-0.3520567,-0.1387215,0.9239371
1.4037155713121431e+18,3.481931,0.2568823,0.7155407,0.06309599,-0.3608309,-0.1397795,0.9199357
1.403715571362143e+18,3.445703,0.2567517,0.6829914,0.06670396,-0.3655365,-0.1381062,0.9180743
1.4037155714121431e+18,3.411668,0.2752859,0.6599097,0.06756137,-0.3691282,-0.1389755,0.9164419
1.403715571462143e+18,3.384101,0.2814381,0.6342264,0.06074706,-0.372154,-0.1413862,0.9153258
1.4037155715121431e+18,3.359455,0.2857296,0.61695,0.05122181,-0.375678,-0.1436592,0.914114
1.403715571562143e+18,3.334176,0.2929656,0.5858159,0.03742153,-0.3788837,-0.1410058,0.9138732
1.4037155716121431e+18,3.300673,0.3095712,0.5516817,0.01980514,-0.3824589,-0.1351839,0.9138153
1.403715571662143e+18,3.27068,0.3213937,0.5132073,-0.00104089,-0.3868276,-0.1238379,0.9137984
1.4037155717121431e+18,3.228639,0.3462295,0.4832652,-0.02536393,-0.3900738,-0.1102209,0.9138109
1.403715571762143e+18,3.178308,0.3865045,0.4593805,-0.04708479,-0.3907479,-0.09880962,0.9139671
1.4037155718121431e+18,3.148508,0.4236846,0.4383657,-0.06907611,-0.391756,-0.09047636,0.9130004
1.403715571862143e+18,3.125017,0.4403704,0.4113486,-0.09023573,-0.3914503,-0.08427139,0.9118786
1.4037155719121431e+18,3.082334,0.4711737,0.3843828,-0.1074622,-0.3873571,-0.08042762,0.9121063
1.403715571962143e+18,3.045933,0.5136248,0.3734282,-0.1219396,-0.3829032,-0.07963297,0.912236
1.4037155720121431e+18,3.010863,0.5414956,0.3728358,-0.1337637,-0.3772891,-0.08389833,0.9125356
1.403715572062143e+18,2.976403,0.5724456,0.3857208,-0.1401934,-0.3705322,-0.09222408,0.9135352
1.4037155721121431e+18,2.9472,0.5917035,0.4075574,-0.1410295,-0.3629286,-0.1090468,0.914605
1.403715572162143e+18,2.916972,0.6101941,0.4434281,-0.1335427,-0.3568996,-0.1288396,0.9155268
1.4037155722121431e+18,2.882188,0.6241813,0.4832657,-0.1185007,-0.3524756,-0.1480541,0.9164052
1.403715572262143e+18,2.828528,0.6562345,0.5251272,-0.08913314,-0.3483341,-0.1680271,0.9178701
1.4037155723121431e+18,2.792528,0.6538538,0.5831611,-0.05820586,-0.3508223,-0.1876714,0.9155956
1.403715572362143e+18,2.749315,0.6614638,0.6409048,-0.02649072,-0.3562834,-0.2002474,0.9122836
1.4037155724121431e+18,2.69489,0.6646607,0.6933159,0.004365521,-0.3624012,-0.2110873,0.9077932
1.403715572462143e+18,2.645951,0.6694264,0.7529157,0.02827956,-0.3717531,-0.2168103,0.9022157
1.4037155725121431e+18,2.601589,0.6623268,0.8114615,0.04360415,-0.3846294,-0.2197566,0.8954697
1.403715572562143e+18,2.552926,0.665405,0.8689084,0.05389533,-0.3977746,-0.2204916,0.8889624
1.4037155726121431e+18,2.504032,0.6606227,0.9125837,0.0596854,-0.4106356,-0.2228819,0.8821223
1.403715572662143e+18,2.45044,0.66493,0.9546986,0.06524132,-0.4239269,-0.2252748,0.8748034
1.4037155727121431e+18,2.399739,0.6619184,0.9914714,0.06555717,-0.4374609,-0.2297492,0.8669173
1.403715572762143e+18,2.348587,0.6636895,1.027932,0.06474895,-0.4506877,-0.2355816,0.8585974
1.4037155728121431e+18,2.295595,0.6654196,1.057652,0.06040259,-0.4649607,-0.2384672,0.8504684
1.403715572862143e+18,2.242034,0.6595475,1.078533,0.0554447,-0.4795142,-0.2402831,0.8421734
1.4037155729121431e+18,2.187144,0.6549053,1.092725,0.05145361,-0.4936572,-0.2401821,0.8342468
1.403715572962143e+18,2.132784,0.649798,1.104314,0.05030976,-0.5092672,-0.2402723,0.8248546
1.4037155730121431e+18,2.079528,0.6395244,1.11507,0.04983152,-0.5246086,-0.2404879,0.8151492
1.403715573062143e+18,2.026763,0.6249489,1.122237,0.0480682,-0.5400133,-0.2408505,0.8050256
1.4037155731121431e+18,1.97184,0.6159379,1.124271,0.04754568,-0.554906,-0.2409789,0.7948257
1.403715573162143e+18,1.918527,0.6008232,1.117478,0.04419462,-0.5692129,-0.2410549,0.784816
1.4037155732121431e+18,1.86863,0.5870208,1.115173,0.04293975,-0.582492,-0.2438727,0.7741999
1.403715573262143e+18,1.818216,0.5732144,1.109747,0.03920262,-0.5970829,-0.2455834,0.7626559
1.4037155733121431e+18,1.769442,0.5566229,1.101542,0.03480491,-0.6100827,-0.2493214,0.7512833
1.403715573362143e+18,1.725099,0.5431747,1.096341,0.03020314,-0.6233324,-0.2525499,0.7394344
1.4037155734121431e+18,1.678219,0.5311574,1.093968,0.02513846,-0.6363518,-0.2553249,0.7274845
1.403715573462143e+18,1.634217,0.5173745,1.090286,0.01677171,-0.6499258,-0.2562129,0.7153113
1.4037155735121431e+18,1.592323,0.5068846,1.08017,0.01006607,-0.6625074,-0.257549,0.7033144
1.403715573562143e+18,1.549325,0.494941,1.079184,0.003805539,-0.6743754,-0.2591442,0.6914099
1.4037155736121431e+18,1.506765,0.480948,1.071777,0.001146124,-0.6844131,-0.2642141,0.6795353
1.403715573662143e+18,1.461388,0.4691616,1.075455,0.001128167,-0.6942585,-0.2715536,0.6665302
1.4037155737121431e+18,1.420298,0.4593738,1.072216,0.00337696,-0.7012204,-0.2827865,0.6544544
1.403715573762143e+18,1.373928,0.4456848,1.075259,0.003391524,-0.7085155,-0.2943273,0.641378
1.4037155738121431e+18,1.331356,0.4350297,1.075981,0.005457245,-0.7151777,-0.3071496,0.6278139
1.403715573862143e+18,1.287574,0.4244232,1.076932,0.005486132,-0.7222182,-0.3185655,0.6139112
1.4037155739121431e+18,1.243069,0.4126963,1.069324,0.004107717,-0.7294465,-0.3294863,0.5994412
1.403715573962143e+18,1.197137,0.400641,1.070691,0.002007326,-0.739049,-0.337473,0.5830219
1.4037155740121431e+18,1.148694,0.3858114,1.067698,-0.001723685,-0.7484691,-0.3453928,0.5661227
1.403715574062143e+18,1.095611,0.3726525,1.064066,-0.005508814,-0.7583374,-0.3531087,0.5479127
1.4037155741121431e+18,1.045068,0.3619396,1.056201,-0.008073228,-0.7689579,-0.358678,0.5291396
1.403715574162143e+18,0.9917027,0.3478907,1.049327,-0.00890599,-0.7806621,-0.3618613,0.5094543
1.4037155742121431e+18,0.9323319,0.3317293,1.0429,-0.007091219,-0.7923785,-0.3644397,0.489152
1.403715574262143e+18,0.8724896,0.3203691,1.032069,0.0005237557,-0.8049099,-0.363547,0.4689918
1.4037155743121431e+18,0.8110224,0.3116989,1.018724,0.01256003,-0.8159969,-0.3635316,0.4492618
1.403715574362143e+18,0.7497538,0.3025799,1.006707,0.02600548,-0.8255885,-0.3638121,0.430544
1.4037155744121431e+18,0.6896368,0.2994576,0.993311,0.03973253,-0.8328187,-0.3648941,0.4143509
1.403715574462143e+18,0.6271424,0.2974169,0.9759516,0.05130179,-0.8379339,-0.3674834,0.4002385
1.4037155745121431e+18,0.566514,0.294165,0.9618531,0.06063616,-0.8419873,-0.3690775,0.3887964
1.403715574562143e+18,0.5042902,0.2926635,0.9432374,0.06559172,-0.8454625,-0.3716775,0.3778183
1.4037155746121431e+18,0.4462255,0.2952061,0.9205412,0.06916355,-0.847356,-0.3764168,0.368123
1.403715574662143e+18,0.3894551,0.2956524,0.8978128,0.07104782,-0.84938,-0.3807444,0.3585242
1.4037155747121431e+18,0.3440597,0.3039104,0.8728161,0.07151073,-0.8517001,-0.383063,0.3503654
1.403715574762143e+18,0.3003089,0.3116711,0.8405385,0.0693842,-0.8541688,-0.3853489,0.3421807
1.4037155748121431e+18,0.2533608,0.316848,0.8003539,0.06151341,-0.8569187,-0.3861334,0.3358682
1.403715574862143e+18,0.2145984,0.3255907,0.7637961,0.0508341,-0.8603274,-0.3840252,0.3313268
1.4037155749121431e+18,0.1726076,0.334005,0.7223405,0.04159005,-0.8638377,-0.3804919,0.3275372
1.403715574962143e+18,0.1350076,0.3413574,0.6800136,0.03579222,-0.8677564,-0.3741441,0.3251675
1.4037155750121431e+18,0.09718114,0.3526765,0.6312311,0.03156783,-0.8707162,-0.3688079,0.3237862
1.403715575062143e+18,0.06449872,0.3655149,0.5867043,0.03214696,-0.873928,-0.3612196,0.3236308
1.4037155751121431e+18,0.02678305,0.3704384,0.5349517,0.03422224,-0.8760479,-0.3555469,0.3239683
1.403715575162143e+18,-0.006927311,0.3783378,0.4863883,0.03908147,-0.8799814,-0.3446493,0.3245338
1.4037155752121431e+18,-0.03894162,0.3841361,0.4398319,0.04524929,-0.8841112,-0.3318043,0.3258924
1.403715575262143e+18,-0.07014954,0.389529,0.3947756,0.05269799,-0.8866939,-0.3222441,0.3273464
1.4037155753121431e+18,-0.09689981,0.3984489,0.347015,0.05872742,-0.8865666,-0.3187818,0.3300437
1.403715575362143e+18,-0.1250758,0.4039346,0.2999686,0.05647503,-0.8837299,-0.3237451,0.3331985
1.4037155754121431e+18,-0.1419175,0.4108974,0.257857,0.05249888,-0.8801933,-0.3301046,0.336949
1.403715575462143e+18,-0.1606303,0.4180604,0.2155296,0.05100377,-0.8762581,-0.3373035,0.3402894
1.4037155755121431e+18,-0.1767599,0.4238508,0.1713795,0.05261802,-0.8725476,-0.3430298,0.3438353
1.403715575562143e+18,-0.1877729,0.4301622,0.1252956,0.06240323,-0.8695527,-0.3453475,0.3474465
1.4037155756121431e+18,-0.1992444,0.4346628,0.07863367,0.07456036,-0.8676665,-0.344666,0.3504297
1.403715575662143e+18,-0.203099,0.4423222,0.0320259,0.08573895,-0.865647,-0.3442264,0.3532879
1.4037155757121431e+18,-0.2032543,0.4456171,-0.01639926,0.09694849,-0.8634671,-0.3439857,0.3559487
