1520530313.1997306,-0.004835863,0.003057013,-0.003510681,-0.007784546,-0.007324868,0.004953437,0.9999306
1520530313.2497358,-0.005009083,0.002690241,-0.003507387,-0.008086598,-0.008322413,0.005991317,0.9999148
1520530313.2997377,-0.005220862,0.002764374,-0.003695974,-0.008317292,-0.008720523,0.006519834,0.9999061
1520530313.3497388,-0.005426084,0.002825245,-0.00385375,-0.008551119,-0.009157572,0.006298629,0.9999017
1520530313.3997898,-0.005426285,0.002803485,-0.003847069,-0.008949796,-0.009769826,0.00529077,0.9998983
1520530313.4497428,-0.005496121,0.002955204,-0.004008368,-0.008643334,-0.01006864,0.005494537,0.9998969
1520530313.4997439,-0.00555222,0.00292706,-0.003941347,-0.008383989,-0.01038538,0.004858469,0.9998991
1520530313.5497458,-0.005945489,0.002844079,-0.004084892,-0.008808582,-0.009883414,0.004553782,0.999902
1520530313.5997469,-0.005951311,0.002648881,-0.004207673,-0.009267661,-0.01059834,0.004256812,0.9998919
1520530313.649745,-0.006049566,0.th002702857,-0.004451255,-0.00937509,-0.0110924,0.003795359,0.9998873
1520530313.6997461,-0.006418167,0.002896913,-0.004640222,-0.009859978,-0.01117937,0.003835246,0.9998816
1520530313.749748,-0.006661769,0.003050189,-0.004753813,-0.01018843,-0.01116192,0.002781395,0.999882
1520530313.7997501,-0.006672474,0.002921539,-0.004632856,-0.0107399,-0.01216234,0.001993865,0.9998664
1520530313.8497512,-0.00707249,0.00313818,-0.004726538,-0.01040557,-0.01149727,0.001276369,0.9998789
1520530313.8997531,-0.006829948,0.002275696,-0.004749099,-0.01207546,-0.01248524,0.001401309,0.9998482
1520530313.9497542,-0.006860811,0.002192007,-0.003738662,-0.01014729,-0.01306164,-0.0008577154,0.9998628
1520530313.9997561,-0.006919435,0.001906324,-0.003761752,-0.01009571,-0.01362004,-0.001852973,0.9998546
1520530314.049757,-0.007431429,0.001542798,-0.003970646,-0.01094779,-0.01468684,-0.002773701,0.9998284
1520530314.0997627,-0.007845477,0.001110611,-0.004039164,-0.01334637,-0.01718243,-0.003343696,0.9997577
1520530314.1497648,-0.008568691,0.001070412,-0.004661761,-0.01475121,-0.01867428,-0.004554807,0.9997064
1520530314.1997659,-0.01066116,0.0004232365,-0.004749292,-0.01684283,-0.01957927,-0.006541458,0.9996451
1520530314.2497678,-0.01205535,0.0005439733,-0.005579979,-0.01672033,-0.02087238,-0.007719936,0.9996125
1520530314.2997689,-0.01295296,0.0003029665,-0.00609802,-0.01746148,-0.02343883,-0.008439282,0.9995372
1520530314.3497708,-0.01415333,-0.0002096287,-0.006778414,-0.01890729,-0.02562896,-0.00832779,0.999458
1520530314.3997729,-0.015961,-0.001216757,-0.00818097,-0.02263656,-0.02763042,-0.007463583,0.999334
1520530314.449774,-0.01769428,-0.0006955355,-0.009190362,-0.02271528,-0.03037046,-0.007137432,0.9992551
1520530314.4997742,-0.01967984,-0.0004585189,-0.01006452,-0.02563639,-0.03230143,-0.007272978,0.9991229
1520530314.5497766,-0.02172306,-0.0005089206,-0.01137854,-0.02946379,-0.03644231,-0.004826228,0.9988897
1520530314.5997775,-0.02524002,0.0001724548,-0.01262956,-0.028436,-0.03721646,-0.008506779,0.9988663
1520530314.6497793,-0.02864346,-0.0001026717,-0.01456303,-0.02856051,-0.03950528,-0.01066176,0.9987542
1520530314.6997805,-0.0313681,-0.001886309,-0.01608231,-0.0298279,-0.04529098,-0.008100884,0.9984956
1520530314.7497823,-0.0351037,-0.002688603,-0.01819501,-0.02894481,-0.04794063,-0.004707617,0.9984196
1520530314.7997873,-0.03871453,-0.00427372,-0.01866166,-0.02891137,-0.04947222,-0.001242779,0.9983562
1520530314.8497844,-0.04170564,-0.007849778,-0.02152371,-0.0281534,-0.05484158,0.005698608,0.9980818
1520530314.8998103,-0.04472743,-0.01057234,-0.02321791,-0.01836639,-0.05770037,0.01497387,0.9980527
1520530314.9498127,-0.0460158,-0.01393571,-0.02504319,-0.00738177,-0.06278135,0.02659246,0.9976457
1520530314.9999194,-0.04673264,-0.01899851,-0.02657602,-0.001705255,-0.06738389,0.04203756,0.9968397
1520530315.0498154,-0.0589798,-0.02834374,-0.02581517,-0.0004381879,-0.05768933,0.05287658,0.9969332
1520530315.0998166,-0.07717624,-0.03517216,-0.01320382,0.004578509,-0.0389863,0.04809955,0.998071
1520530315.1498184,-0.07807013,-0.03833348,-0.01383829,0.005876373,-0.03913027,0.04997757,0.9979662
1520530315.1998193,-0.07941253,-0.0379908,-0.01419562,0.01090549,-0.03997115,0.05075508,0.9978514
1520530315.2498214,-0.08019741,-0.04154468,-0.014584,0.007088372,-0.03965921,0.05367928,0.9977452
1520530315.2996354,-0.0791477,-0.03912669,-0.01350707,0.01472273,-0.04059443,0.05609306,0.9974913
1520530315.3496373,-0.07863151,-0.03840326,-0.01346467,0.01278901,-0.04032515,0.05384288,0.9976529
1520530315.3996391,-0.07770221,-0.03118367,-0.01194911,0.01839429,-0.03975396,0.04835821,0.9978691
1520530315.4496403,-0.07785718,-0.03092414,-0.01148896,0.002857456,-0.03777409,0.04614742,0.9982162
1520530315.4996421,-0.07938973,-0.02540408,-0.01134655,-0.007671128,-0.03494086,0.04027648,0.998548
1520530315.549643,-0.07889612,-0.01957956,-0.01146591,-0.01972874,-0.03501769,0.03511291,0.9985748
1520530315.5996454,-0.07770492,-0.01316735,-0.0112056,-0.03040433,-0.03495816,0.0288559,0.9985093
1520530315.6496463,-0.07139593,-0.01029935,-0.01126681,-0.0494608,-0.04296298,0.02795093,0.9974601
1520530315.6996372,-0.06923889,-0.0002375555,-0.01114982,-0.04897089,-0.03967772,0.01978182,0.9978157
1520530315.7496393,-0.09095497,0.015616,0.00297697,-0.02827198,-0.004717079,0.02552324,0.9992633
1520530315.7996402,-0.08556641,0.0242506,0.001485852,-0.03023418,-0.007617689,0.02095903,0.999294
1520530315.849642,-0.0803321,0.03556182,0.001985804,-0.02433954,-0.008165175,0.01676649,0.9995298
1520530315.8996432,-0.07212753,0.04646827,0.002268821,-0.01886017,-0.01107384,0.009458371,0.9997161
1520530315.949645,-0.06336219,0.05244731,0.00133246,-0.02163504,-0.01515954,0.00392219,0.9996433
1520530315.9996471,-0.05723287,0.05625556,0.001300776,-0.02365326,-0.01531305,0.001269371,0.9996021
1520530316.0496483,-0.05088243,0.06194792,0.003684798,-0.01397255,-0.01698847,0.001646826,0.9997567
1520530316.1002209,-0.04596222,0.05939508,0.004011172,-0.01532451,-0.01768466,0.00624882,0.9997067
1520530316.150223,-0.04013749,0.05617025,0.004982331,-0.01212729,-0.02188354,0.01245869,0.9996094
1520530316.2002242,-0.03605518,0.05093257,0.006432712,-0.008442605,-0.02159693,0.01674153,0.9995909
1520530316.250226,-0.02669411,0.04087697,0.006283344,-0.01411779,-0.02813814,0.01386481,0.9994082
1520530316.3002269,-0.02005461,0.03233334,0.007422441,-0.01386093,-0.02840922,0.0118588,0.9994299
1520530316.350229,-0.01207808,0.02108084,0.008295014,-0.01903933,-0.03091047,0.01195316,0.9992694
1520530316.4002299,-0.00539362,0.01321159,0.009787479,-0.01708156,-0.03253061,0.01234301,0.9992486
1520530316.4502311,0.0007136859,0.005180386,0.01084747,-0.0177052,-0.03254915,0.01407901,0.9992141
1520530316.5002332,0.006078548,0.00468931,0.01259255,-0.00156938,-0.03358996,0.01248227,0.9993566
1520530316.5502763,0.01355158,-0.004973353,0.01444207,-0.00465217,-0.04050311,0.009574969,0.9991227
1520530316.6002784,0.02076123,-0.01593352,0.014152,-0.01400319,-0.04938272,0.009083321,0.9986405
1520530316.6502802,0.02462817,-0.02009479,0.01446217,-0.009995264,-0.05256683,0.007879175,0.9985363
1520530316.7002811,0.03071737,-0.02925987,0.01608825,-0.02038981,-0.05700039,0.005768595,0.9981493
1520530316.7502832,0.0363472,-0.03409069,0.01806442,-0.02251816,-0.05708064,0.00432984,0.9981062
1520530316.8002841,0.0460694,-0.04573724,0.0193238,-0.0433793,-0.06582281,-0.004244608,0.9968789
1520530316.8502862,0.05402719,-0.04793002,0.02123853,-0.0437033,-0.06938172,-0.005333215,0.9966182
1520530316.9002874,0.06113415,-0.04641203,0.02330694,-0.03624731,-0.07358732,-0.006319161,0.9966098
1520530316.9497731,0.06541795,-0.04634346,0.0251268,-0.03511133,-0.07127731,-0.006183567,0.9968192
1520530316.9997752,0.07334298,-0.04570935,0.02795679,-0.03280868,-0.06834976,0.0001095758,0.9971218
1520530317.0497761,0.07994856,-0.04294239,0.02948886,-0.03526286,-0.07173485,0.002672709,0.9967966
1520530317.0997782,0.08602739,-0.03706656,0.03055058,-0.03303239,-0.07383086,0.005655092,0.9967075
1520530317.1497791,0.09156237,-0.03031087,0.03178274,-0.03084668,-0.07829031,0.008542807,0.9964167
1520530317.1997809,0.09640108,-0.02279788,0.03234932,-0.02659089,-0.08060993,0.009067543,0.9963497
1520530317.2497821,0.1023833,-0.01562291,0.03349601,-0.02606514,-0.08523919,0.01400675,0.995921
1520530317.2997839,0.1082284,-0.008725455,0.03463694,-0.02664192,-0.0877929,0.02238978,0.9955307
1520530317.3497434,0.1180635,-0.002750221,0.03558213,-0.03056439,-0.09887657,0.03188892,0.9941189
1520530317.3997457,0.1243281,0.005248412,0.03696525,-0.02507611,-0.103899,0.04132726,0.9934124
1520530317.4497476,0.1273404,0.01476066,0.0410291,-0.01526512,-0.1050927,0.05543717,0.9927987
1520530317.4997485,0.1331823,0.02171019,0.04210476,-0.01180552,-0.1088914,0.06364824,0.9919437
1520530317.5497518,0.1433045,0.0296579,0.04582262,-0.00441473,-0.1215041,0.06583485,0.9903954
1520530317.5997524,0.1509647,0.03599928,0.0480344,-0.0005893554,-0.1273648,0.06520566,0.9897101
1520530317.6497545,0.1620271,0.04471329,0.05232295,0.009799549,-0.1380565,0.05551232,0.9888189
1520530317.6997557,0.1695995,0.05071413,0.05415826,0.01052195,-0.1402244,0.04710905,0.9889425
1520530317.7502367,0.1782323,0.0609492,0.06030721,0.02215568,-0.1497577,0.03861834,0.9877198
1520530317.8002386,0.1820045,0.06740624,0.06225427,0.0236306,-0.1483036,0.03081721,0.9881791
1520530317.8502395,0.1903253,0.07418407,0.06472825,0.02362571,-0.1515441,0.02560696,0.9878363
1520530317.9002419,0.199354,0.08058273,0.06771646,0.02451049,-0.1558166,0.02247093,0.9872262
1520530317.9502437,0.2106384,0.08607599,0.07260487,0.02664877,-0.161906,0.01790419,0.9862838
1520530318.0002446,0.2195284,0.08886811,0.07562021,0.02586426,-0.1606217,0.01676138,0.9865348
1520530318.0502467,0.2303554,0.08883196,0.07907375,0.02354695,-0.1623983,0.01679743,0.9863013
1520530318.1002476,0.2419621,0.08504099,0.08416552,0.02094955,-0.168236,0.01322005,0.9854355
1520530318.1508162,0.2522824,0.07929711,0.08711488,0.02110838,-0.1696838,0.006797554,0.985249
1520530318.2007692,0.2609249,0.07029733,0.09088458,0.01828334,-0.1739868,0.001177296,0.9845775
1520530318.2507713,0.2665924,0.06155747,0.09298106,0.01861051,-0.1727861,-0.004115491,0.9847749
1520530318.3007722,0.2722853,0.0511918,0.09550232,0.01470901,-0.1753312,-0.009177216,0.9843568
1520530318.350774,0.2768125,0.04168785,0.09775054,0.01343985,-0.177029,-0.01579567,0.9839872
1520530318.4007752,0.2794333,0.03099339,0.1008664,0.007535153,-0.1809287,-0.01918394,0.9832802
1520530318.4507773,0.2806495,0.02151741,0.1015141,0.005095105,-0.1825445,-0.02221527,0.9829334
1520530318.500778,0.2780743,0.01534138,0.1003918,0.01090147,-0.1777768,-0.02696536,0.9836409
1520530318.5507803,0.2763563,0.008824825,0.09931488,0.01301961,-0.1754278,-0.0290993,0.983976
1520530318.6005671,0.2740397,0.0001058672,0.09881563,0.01003212,-0.1760257,-0.03227666,0.9838051
1520530318.6505682,0.2711696,-0.009811218,0.09815321,0.005495874,-0.1766157,-0.0358562,0.9836112
1520530318.7005701,0.2673641,-0.01721921,0.09608225,0.004831715,-0.174828,-0.038304,0.9838418
1520530318.7505713,0.2618418,-0.02410267,0.09343344,0.004397142,-0.1721097,-0.04017892,0.9842482
1520530318.8005733,0.2543505,-0.03319493,0.09006131,-0.002915442,-0.1666057,-0.04320224,0.9850724
1520530318.8505743,0.2477064,-0.04049347,0.08704588,-0.008248615,-0.163974,-0.04125314,0.9855672
1520530318.9005764,0.2357629,-0.04698215,0.07937205,-0.01569889,-0.1494991,-0.0387096,0.9878791
1520530318.9505773,0.227601,-0.04713878,0.0757115,-0.01618897,-0.1488189,-0.02990913,0.9882795
1520530318.9999557,0.2185627,-0.04191637,0.0692862,-0.009800096,-0.1440029,-0.0234873,0.9892499
1520530319.0499575,0.2103115,-0.03867103,0.06616167,-0.0116676,-0.1442194,-0.02270395,0.9892164
1520530319.0999596,0.1996747,-0.03261262,0.06072693,-0.009949866,-0.1382119,-0.01974975,0.9901558
1520530319.1499615,0.1881203,-0.02159199,0.05450176,-0.0009307236,-0.1314866,-0.01417412,0.9912162
1520530319.1999624,0.1775233,-0.01111151,0.04920249,0.0009401991,-0.1260898,-0.007841009,0.9919874
1520530319.2499635,0.1653759,-0.001636197,0.04447306,-0.001847576,-0.1187171,-0.003366866,0.9929207
1520530319.2999656,0.1549519,0.009712611,0.03947325,-0.0004591268,-0.1127861,-2.965554e-05,0.9936192
1520530319.3499675,0.1447054,0.02065746,0.03570775,0.002378599,-0.1067792,0.002872413,0.9942757
1520530319.3998322,0.1366513,0.03207729,0.03307957,0.008802798,-0.1048021,0.002724914,0.9944504
1520530319.4498332,0.1274452,0.03903602,0.0297891,0.007229329,-0.1009359,0.001250988,0.9948659
1520530319.4998353,0.1170428,0.04724387,0.02614157,0.006847526,-0.09652488,-0.001101427,0.9953064
1520530319.5498371,0.1050337,0.05917937,0.02343068,0.01386219,-0.09354662,-0.005364703,0.995504
1520530319.5998383,0.09122811,0.06866705,0.02019069,0.01587333,-0.08811332,-0.01424262,0.9958822
1520530319.6498401,0.07801161,0.07589992,0.01731858,0.01586647,-0.0848243,-0.02589414,0.995933
1520530319.699841,0.06623031,0.0825243,0.01518516,0.01742747,-0.08482806,-0.04104079,0.9953975
1520530319.7499421,0.04829384,0.08739949,0.01311408,0.01968215,-0.07831977,-0.04767571,0.9955931
1520530319.8003411,0.02963132,0.08957911,0.01144149,0.02137921,-0.07483052,-0.05059819,0.9956822
1520530319.850343,0.01176444,0.08959891,0.009814514,0.0252426,-0.0718117,-0.05497472,0.9955821
1520530319.9003441,-0.004234656,0.08497985,0.008494623,0.02850376,-0.06990662,-0.05682883,0.9955255
1520530319.950346,-0.02412105,0.07390084,0.009733314,0.02801913,-0.05722868,-0.04940352,0.9967443
1520530320.0003469,-0.03453435,0.05909164,0.008632924,0.02223693,-0.05471662,-0.04520218,0.9972304
1520530320.0503492,-0.04260432,0.04064985,0.003695452,0.008891314,-0.05615464,-0.03458165,0.9977834
1520530320.1003501,-0.05276617,0.0232287,0.002931588,0.0004557937,-0.05344316,-0.02199886,0.9983284
1520530320.150352,-0.06272108,0.003760486,0.002184424,-0.01267649,-0.05084412,-0.01568405,0.998503
1520530320.2004013,-0.07272395,-0.004921106,0.005267077,-0.004363869,-0.04431019,-0.01056285,0.9989525
1520530320.2504025,-0.08083691,-0.01677214,0.006366458,-0.01044777,-0.04115469,-0.005621065,0.9990824
1520530320.3004043,-0.08772538,-0.02937022,0.007833107,-0.02302746,-0.03667334,-0.00510386,0.9990489
1520530320.3504052,-0.09339649,-0.03390983,0.01109009,-0.02112682,-0.03121662,-0.004165513,0.9992807
1520530320.4004073,-0.0971675,-0.04131771,0.01109633,-0.02415383,-0.03029444,-0.004526445,0.9992389
1520530320.4504082,-0.1024065,-0.0486758,0.0144279,-0.02592903,-0.02335472,-0.005426872,0.9993762
1520530320.5004103,-0.1064981,-0.05804434,0.01336581,-0.02954456,-0.02290422,-0.003433346,0.9992952
1520530320.5504124,-0.110189,-0.06466757,0.01618512,-0.0283097,-0.01605837,0.000902634,0.9994698
1520530320.5998693,-0.1133803,-0.07290735,0.01796801,-0.03363085,-0.01087988,0.008445092,0.9993395
1520530320.6498711,-0.1175184,-0.07776286,0.01985348,-0.0346057,-0.004748258,0.01639678,0.9992553
1520530320.6998734,-0.121246,-0.07967338,0.02015482,-0.03488572,-0.002322942,0.02074087,0.9991734
1520530320.7498744,-0.123604,-0.07855497,0.02021426,-0.03362312,0.001052816,0.02606476,0.9990941
1520530320.7998762,-0.1274471,-0.07333505,0.02137188,-0.0312019,0.006784508,0.02957673,0.9990524
1520530320.8498774,-0.1324966,-0.06660832,0.02081806,-0.02728532,0.01191534,0.03874712,0.9988054
1520530320.8998792,-0.1366842,-0.05803619,0.02108409,-0.02176171,0.01673708,0.04604958,0.9985619
1520530320.9498804,-0.1389992,-0.05373195,0.0213478,-0.02409785,0.01967092,0.05032374,0.9982484
1520530320.9998822,-0.1411218,-0.04594928,0.02110238,-0.01642857,0.02370163,0.05211164,0.9982248
1520530321.0497401,-0.1424913,-0.04313845,0.02026189,-0.01816681,0.02689894,0.04912015,0.9982653
1520530321.0997419,-0.1434749,-0.03780566,0.01903533,-0.01344274,0.02814658,0.04724939,0.998396
1520530321.1497431,-0.1449292,-0.03354258,0.01765819,-0.01294263,0.02935399,0.04476372,0.9984824
1520530321.1997452,-0.1470178,-0.02516154,0.01536165,-0.007280816,0.0301352,0.03951079,0.9987381
1520530321.249747,-0.1506731,-0.01757412,0.01356065,-0.005869437,0.03280764,0.03279052,0.9989064
1520530321.2997491,-0.1518788,-0.01118452,0.01045291,-0.008467077,0.03047777,0.02354584,0.9992222
1520530321.34975,-0.1540216,-0.002843539,0.007341807,-0.006010788,0.03021561,0.01533541,0.9994077
1520530321.3997512,-0.1599248,0.00690481,0.005119272,0.0007487394,0.0385407,0.01123057,0.9991937
1520530321.4498563,-0.1568586,0.01286023,-2.450217e-05,-0.001461578,0.02880699,0.01089399,0.9995246
1520530321.4998574,-0.156851,0.0183199,-0.004217075,-0.00631215,0.02754663,0.01139725,0.9995356
1520530321.5498595,-0.1571362,0.0267758,-0.008091626,-0.006580365,0.02746149,0.00839299,0.999566
1520530321.5998607,-0.1565657,0.03673629,-0.01233541,-0.006451301,0.0244099,0.004051179,0.999673
1520530321.6498625,-0.1572116,0.04785483,-0.017011,-0.00764735,0.02185247,0.003768428,0.9997249
1520530321.6998634,-0.1572936,0.06037662,-0.01894596,-0.004516522,0.02040882,0.003401167,0.9997758
1520530321.7498655,-0.1575878,0.06957108,-0.0221008,-0.003217979,0.01874668,0.003440111,0.9998132
1520530321.7998674,-0.1605739,0.07737669,-0.02334522,0.002765049,0.02041356,0.008651011,0.9997504
1520530321.850152,-0.1610123,0.07495405,-0.02767766,-0.001441294,0.01905358,0.01360539,0.9997249
1520530321.9001541,-0.1590407,0.0715407,-0.0305006,0.003656647,0.01596069,0.01478046,0.9997567
1520530321.950155,-0.1621052,0.05639518,-0.03496097,-0.004405521,0.01676476,0.01977131,0.9996543
1520530322.0001571,-0.1619443,0.03834295,-0.0386558,-0.01069178,0.0160937,0.0219612,0.9995722
1520530322.0501583,-0.1596035,0.02323887,-0.04140351,-0.009794176,0.01458228,0.02416673,0.9995536
1520530322.1001601,-0.1552654,0.003494211,-0.04656245,-0.0195415,0.009795273,0.02582764,0.9994274
1520530322.150162,-0.1521341,-0.009661851,-0.04665567,-0.01961587,0.01034318,0.02661838,0.9993997
1520530322.2001631,-0.1474493,-0.02010422,-0.04947433,-0.0209711,0.009095218,0.02564376,0.9994098
1520530322.2502067,-0.1404319,-0.02592239,-0.05158908,-0.01979615,0.006068014,0.02241684,0.9995343
1520530322.3002076,-0.1362958,-0.02928725,-0.05168511,-0.02012489,0.008304368,0.01907619,0.999581
1520530322.3502097,-0.1318494,-0.03147174,-0.05278158,-0.02077522,0.007848567,0.01695837,0.9996095
1520530322.4002118,-0.1252226,-0.03173444,-0.05491897,-0.019563,0.005353459,0.01139736,0.9997293
1520530322.4502137,-0.1198839,-0.03346279,-0.05511225,-0.02008337,0.00604816,0.01050037,0.9997249
1520530322.5002146,-0.11365,-0.03618606,-0.05576547,-0.02146589,0.004778386,0.01460561,0.9996515
1520530322.5502157,-0.1078847,-0.0361585,-0.05595563,-0.02170791,0.006073913,0.0195286,0.9995552
1520530322.6002176,-0.1001678,-0.03278744,-0.05703138,-0.01931433,0.004819875,0.0233936,0.9995281
1520530322.6500235,-0.09365462,-0.02563323,-0.0582657,-0.01679432,0.002242069,0.0253594,0.9995348
1520530322.7000253,-0.08673539,-0.01792606,-0.05866382,-0.01615277,-4.315634e-05,0.02589143,0.9995342
1520530322.7500277,-0.08025439,-0.006866961,-0.05845047,-0.01152021,-0.002440051,0.02506824,0.9996164
1520530322.8000286,-0.07327422,0.001633214,-0.06007533,-0.01109078,-0.005007564,0.02256052,0.9996714
1520530322.8500307,-0.06142293,0.01325198,-0.05887048,-0.005699395,-0.01219333,0.01841676,0.9997398
1520530322.9000657,-0.05453411,0.02104984,-0.05892498,-0.005955152,-0.0127794,0.01665787,0.9997619
1520530322.9500334,-0.04750618,0.02818963,-0.0578552,-0.006779461,-0.01392195,0.01105238,0.999819
1520530323.0000346,-0.04143456,0.03655266,-0.0571643,-0.008263749,-0.01616256,0.003871116,0.9998277
1520530323.0500367,-0.03377026,0.04958551,-0.05517333,-0.004098877,-0.01948849,-0.00619,0.9997826
1520530323.1000743,-0.02938481,0.06228737,-0.05447842,-0.002422418,-0.0193063,-0.005227196,0.999797
1520530323.1500762,-0.02326811,0.07729256,-0.05092864,0.003216503,-0.02102423,-0.004373856,0.9997643
1520530323.2000773,-0.01557055,0.08953742,-0.04860408,0.004530036,-0.02520921,-0.006961151,0.9996477
1520530323.2500794,-0.01400079,0.1005398,-0.0456125,0.006181104,-0.02192661,-0.000292014,0.9997405
1520530323.3000803,-0.006133049,0.1070765,-0.04241193,0.007145448,-0.02444106,0.001323995,0.9996749
1520530323.3500824,0.0005020039,0.107053,-0.04003467,0.006695999,-0.02428029,0.005568717,0.9996672
1520530323.4000843,0.01164273,0.1000935,-0.03809355,0.006212322,-0.03004041,0.007871331,0.9994984
1520530323.4500852,0.0164748,0.08894034,-0.03518615,0.009442348,-0.02832358,0.01317587,0.9994674
1520530323.5003452,0.02365928,0.06999262,-0.03211362,0.006266702,-0.03103684,0.01295254,0.9994147
1520530323.5503461,0.03136219,0.0507854,-0.03039686,0.0006331221,-0.03502611,0.007390853,0.9993589
1520530323.600348,0.0394389,0.03458258,-0.02660772,-0.002964818,-0.04164381,-0.0002442018,0.9991281
1520530323.6503491,0.04219609,0.02017785,-0.02383249,-0.009085944,-0.04127335,-0.006430386,0.9990859
1520530323.700351,0.04789157,0.01219893,-0.01935651,-0.005675847,-0.04463734,-0.01140475,0.998922
1520530323.7503531,0.05483767,-0.001740476,-0.01595882,-0.01353663,-0.05100873,-0.0147529,0.9984975
1520530323.8003542,0.05944442,-0.01207516,-0.01163403,-0.01487221,-0.05338181,-0.01395232,0.9983659
1520530323.8503561,0.06446204,-0.02230033,-0.007917495,-0.01870213,-0.05636652,-0.01176563,0.9981657
1520530323.9001532,0.06927577,-0.02863697,-0.004167279,-0.01907773,-0.05953023,-0.007161984,0.9980185
1520530323.9501541,0.07558496,-0.03363761,0.0002052253,-0.01928947,-0.06528598,-0.004848571,0.9976684
1520530324.0001559,0.07987408,-0.03635018,0.004463654,-0.01693331,-0.06630256,-0.001127296,0.9976553
1520530324.0501571,0.08508435,-0.0412837,0.008238759,-0.0211088,-0.07004964,0.001164622,0.9973195
1520530324.1001592,0.08927187,-0.04288077,0.01257075,-0.02055331,-0.0741827,0.003436944,0.9970269
1520530324.1501603,0.09500707,-0.04695039,0.01666766,-0.0242448,-0.08051868,-0.0007565572,0.9964579
1520530324.2001622,0.1011534,-0.04793181,0.0218863,-0.02106178,-0.08535748,-0.004489452,0.9961177
1520530324.2501631,0.107514,-0.04896403,0.02671685,-0.01920905,-0.08935706,-0.009366454,0.9957704
1520530324.2999079,0.1120754,-0.0453032,0.03048682,-0.01355486,-0.09216485,-0.01200188,0.9955792
1520530324.3499098,0.1171622,-0.03801539,0.03479765,-0.009509492,-0.09660061,-0.01508326,0.9951635
1520530324.3999109,0.1240605,-0.02825828,0.03905332,-0.007521847,-0.1038027,-0.01759952,0.9944137
1520530324.449913,0.1305957,-0.01750824,0.044189,-0.007088278,-0.1088585,-0.01603511,0.9939026
1520530324.499994,0.1356397,-0.00454749,0.04861579,0.001057719,-0.1128108,-0.01136711,0.9935509
1520530324.5499151,0.1401788,0.0031547,0.05320933,0.003904246,-0.1166772,-0.008028179,0.9931298
1520530324.5999169,0.1448382,0.008357972,0.05802536,0.005881445,-0.1202998,-0.008578002,0.9926831
1520530324.6499188,0.1500278,0.01581657,0.06330212,0.01489112,-0.1257325,-0.008228673,0.9919183
1520530324.7000177,0.1543818,0.0210728,0.06838138,0.0181498,-0.1300055,-0.00577578,0.9913303
1520530324.75002,0.1600377,0.02686552,0.07358073,0.02661009,-0.1359476,-0.006999861,0.9903339
1520530324.8000209,0.1671005,0.02918753,0.08027077,0.03234869,-0.1460336,-0.01344527,0.9886592
1520530324.8500228,0.1717509,0.03017382,0.08410373,0.03546042,-0.1470047,-0.01742681,0.9883464
1520530324.9000239,0.1784651,0.03056987,0.08890086,0.03648847,-0.1533869,-0.0183412,0.987322
1520530324.9500258,0.1842929,0.03144135,0.09348051,0.0393682,-0.1583785,-0.01731145,0.9864414
1520530325.0000277,0.1875712,0.033201,0.09579676,0.04426746,-0.1581831,-0.01622383,0.9862836
1520530325.0500288,0.1907699,0.03456686,0.09791978,0.04788137,-0.1612274,-0.01475467,0.9856447
1520530325.1008158,0.1927097,0.03220979,0.09666209,0.03853567,-0.160336,-0.01362665,0.9862159
1520530325.1508169,0.1952671,0.03569418,0.0983962,0.04636612,-0.1630703,-0.01713063,0.9853755
1520530325.2008188,0.1986551,0.03928632,0.1014893,0.05081658,-0.1721287,-0.02076837,0.9835436
1520530325.2508197,0.199172,0.04282273,0.1005701,0.04658594,-0.1757206,-0.01721769,0.9831865
1520530325.3008218,0.1986854,0.04626255,0.09925906,0.04522717,-0.1779714,-0.01649677,0.9828573
1520530325.3508239,0.1998199,0.04630928,0.09866942,0.03881817,-0.1853837,-0.01582456,0.9817717
1520530325.4008248,0.2025729,0.04615537,0.09851205,0.04009382,-0.1936137,-0.01687597,0.980113
1520530325.4508269,0.2015954,0.04240091,0.09605554,0.03835643,-0.193704,-0.0181781,0.9801414
1520530325.5008278,0.2030325,0.03572671,0.09466907,0.03041666,-0.1988654,-0.01906701,0.9793691
1520530325.5509129,0.205009,0.02823208,0.09392268,0.0214293,-0.2032401,-0.01654758,0.9787545
1520530325.6009147,0.2047704,0.02509162,0.08920951,0.02462763,-0.1930151,-0.01236379,0.9808088
1520530325.6509171,0.208317,0.01867669,0.08708196,0.02071071,-0.1932247,-0.007334141,0.9809085
1520530325.700918,0.2114976,0.008856203,0.08574195,0.008657299,-0.1956205,-0.000735142,0.9806412
1520530325.7509189,0.2145889,0.00602254,0.08351254,0.01526233,-0.1943733,0.005153205,0.9807953
1520530325.800921,0.2169676,0.0009812331,0.08060648,0.01270585,-0.192967,0.009611107,0.9810759
1520530325.8509219,0.2195794,-0.001825165,0.07872818,0.01039241,-0.1931355,0.01303544,0.9810305
1520530325.900924,0.2229805,-0.002070173,0.0756254,0.009522057,-0.1896443,0.01246082,0.9817276
1520530325.9505413,0.2260632,-0.0001378004,0.07297418,0.01031654,-0.1857851,0.0144179,0.9824305
1520530326.0005431,0.229719,0.003012337,0.07186952,0.01061721,-0.186791,0.01675916,0.9821994
1520530326.050549,0.2315585,0.009868355,0.06747869,0.01812441,-0.1802535,0.01369622,0.9833578
1520530326.1005461,0.2354551,0.01258185,0.06690332,0.01111961,-0.1840769,0.01545711,0.9827274
1520530326.150548,0.2364465,0.01873587,0.0628171,0.009979852,-0.1801787,0.0144213,0.9834775
1520530326.2005491,0.2369161,0.0262239,0.0559812,0.009087931,-0.1730609,0.01300545,0.9847834
1520530326.2505512,0.2392983,0.03322085,0.05481788,0.009103713,-0.1741599,0.01008208,0.9846237
1520530326.3005524,0.2395079,0.04054828,0.04992519,0.01040164,-0.1701745,0.00885159,0.9853193
1520530326.3502045,0.2389669,0.04738996,0.04597834,0.00986746,-0.1673376,0.01059049,0.9857934
1520530326.4002056,0.2407582,0.0523793,0.04187167,0.007631103,-0.1662235,0.008456727,0.9860223
1520530326.4502075,0.2418477,0.0580845,0.03817684,0.00808822,-0.1643834,0.006566844,0.9863415
1520530326.5002086,0.2426118,0.06290974,0.0353246,0.00862431,-0.1630991,0.00425003,0.9865628
1520530326.5502107,0.2445121,0.06966708,0.03373243,0.01172448,-0.1632199,0.00187344,0.9865183
1520530326.6002126,0.2481236,0.08050929,0.02956381,0.0121492,-0.153129,0.00465033,0.9881206
1520530326.6502137,0.2500791,0.08868196,0.02649373,0.008756819,-0.1504235,0.007508821,0.9885544
1520530326.7002156,0.2525889,0.09734741,0.02858124,0.01353994,-0.1503904,0.004804568,0.9885223
1520530326.7504265,0.2550663,0.09676348,0.02616626,0.009500583,-0.1487617,0.001294022,0.9888266
1520530326.8004286,0.2563583,0.09338428,0.02475319,0.01033662,-0.147101,-0.0001986925,0.9890675
1520530326.8504295,0.2524692,0.08608062,0.02109748,0.01432248,-0.1374321,-0.0006811892,0.9904074
1520530326.9004314,0.2515141,0.0733922,0.02068003,0.01705473,-0.1373223,-0.005791805,0.9903626
1520530326.9504325,0.249825,0.05678419,0.02089392,0.01848348,-0.1385295,-0.01551584,0.9900643
1520530327.0004346,0.2471754,0.03909936,0.02095918,0.02113495,-0.1396012,-0.02764964,0.9895961
1520530327.0504375,0.2421129,0.0235127,0.01876861,0.02752655,-0.1376795,-0.04280553,0.9891685
1520530327.1004376,0.2349008,0.002557736,0.01604648,0.02239221,-0.1381103,-0.05655176,0.9885474
1520530327.1504304,0.2247142,-0.01455062,0.01309295,0.01857592,-0.1366657,-0.06975282,0.9879838
1520530327.2004328,0.2121018,-0.02524468,0.008425176,0.02024081,-0.1329328,-0.07582366,0.9880131
1520530327.2504346,0.1991132,-0.0409169,0.00542387,0.008007485,-0.1309547,-0.07769014,0.9883071
1520530327.3004355,0.1843509,-0.04833259,0.003097218,0.001777103,-0.1284795,-0.06885758,0.9893172
1520530327.3504367,0.170947,-0.04576495,-0.0005434938,0.006344147,-0.1303829,-0.05821196,0.989733
1520530327.4004385,0.1580042,-0.0386503,-0.004433401,0.009278984,-0.1325064,-0.05215665,0.9897655
1520530327.4504406,0.1407662,-0.02917548,-0.008901734,0.01075228,-0.1291249,-0.05012176,0.9903025
1520530327.5004418,0.1277479,-0.01829255,-0.01326868,0.01590734,-0.1390431,-0.0489942,0.9889457
1520530327.5500901,0.1023155,-0.006521165,-0.02111398,0.02390362,-0.1306511,-0.05038534,0.9898587
1520530327.6000912,0.06994922,-0.01817334,-0.02924402,-0.009820411,-0.1167836,-0.04997068,0.9918509
1520530327.6501031,0.04287114,-0.003208513,-0.0360437,-0.003271017,-0.1120632,-0.0523748,0.9923145
1520530327.7000942,0.01701434,0.01436736,-0.04554016,-0.001346404,-0.1144127,-0.05546746,0.9918827
1520530327.7500963,-0.02146081,0.0426287,-0.04833933,0.01883587,-0.1017932,-0.05126783,0.9933051
1520530327.8000972,-0.05147693,0.04799673,-0.06124494,0.004470005,-0.1074474,-0.0487687,0.9930039
1520530327.8500993,-0.08495489,0.04126218,-0.07459015,-0.01472211,-0.1055195,-0.03358396,0.9937409
1520530327.9001002,-0.1124428,0.03037948,-0.08407734,-0.02373021,-0.103716,-0.01656744,0.9941858
1520530327.9501021,-0.1360689,0.009597722,-0.08761934,-0.03515908,-0.1002703,0.004751534,0.9943275
1520530328.0002799,-0.1677726,-0.01151486,-0.08872768,-0.03977833,-0.08674721,0.03564245,0.9947976
1520530328.0502818,-0.1885932,-0.04137182,-0.09247209,-0.05402981,-0.08735873,0.06785133,0.9923938
1520530328.1002827,-0.2039279,-0.05675629,-0.09217612,-0.04904373,-0.08580825,0.08789293,0.9912147
1520530328.150285,-0.2189572,-0.07147161,-0.08687673,-0.04774829,-0.07532655,0.09943397,0.9910393
1520530328.2002869,-0.2246727,-0.07352763,-0.08071832,-0.03367039,-0.0667421,0.1040427,0.9917595
1520530328.2502878,-0.2192885,-0.07392696,-0.07194389,-0.02933887,-0.05835894,0.09827693,0.9930131
1520530328.3002899,-0.1937364,-0.06618182,-0.06347929,-0.01960821,-0.06471544,0.09471907,0.9932048
1520530328.3502908,-0.1645427,-0.056433,-0.0546506,-0.01161629,-0.06887244,0.08975251,0.993512
1520530328.4003367,-0.1345849,-0.04388736,-0.04274358,-0.0007542947,-0.06638431,0.08481716,0.9941824
1520530328.4503376,-0.09967082,-0.05081144,-0.02824849,-0.02422025,-0.06411523,0.08225007,0.9942523
1520530328.5003397,-0.06778014,-0.03977049,-0.01588354,-0.007514378,-0.06022023,0.07563164,0.9952874
1520530328.5503418,-0.03811381,-0.04314066,-0.005810627,-0.009805587,-0.05213604,0.07236174,0.9959666
1520530328.6003437,-0.009950327,-0.04822174,0.002423668,-0.01278858,-0.04371091,0.06082257,0.9971091
1520530328.6503456,0.01744008,-0.05016709,0.00798843,-0.01154676,-0.03692171,0.04342469,0.9983075
1520530328.7003467,0.04358513,-0.05024027,0.01223931,-0.01032714,-0.03183266,0.0250514,0.9991258
1520530328.7503476,0.06655652,-0.0473019,0.01493551,-0.005857235,-0.03070943,0.003814711,0.9995039
1520530328.8000863,0.08144096,-0.04713592,0.0164093,-0.01041053,-0.02699292,-0.01228809,0.9995059
1520530328.8500872,0.08037445,-0.04267673,0.01517888,-0.004374846,-0.01024457,-0.0231717,0.9996694
1520530328.9000893,0.0739338,-0.04062463,0.01740899,-0.001748402,-0.005052851,-0.03497368,0.999374
1520530328.9500914,0.06411288,-0.03918253,0.01966858,0.0005298455,-0.009202305,-0.03680596,0.9992799
1520530329.0000923,0.04744299,-0.03745895,0.02168072,0.003140325,-0.01110814,-0.03541979,0.9993059
1520530329.0500932,0.03315735,-0.04049753,0.02237678,-0.003116862,-0.02193568,-0.03706561,0.9990672
1520530329.1000953,0.01569122,-0.03770807,0.02288321,0.00282379,-0.02923452,-0.03230075,0.9990466
1520530329.1500971,-0.002171,-0.0367548,0.02247497,0.002474121,-0.03574131,-0.0272366,0.9989868
1520530329.2000444,-0.0215646,-0.03807409,0.02053954,-0.002461659,-0.04281465,-0.01764652,0.9989242
1520530329.2500951,-0.04389965,-0.04033287,0.01812714,-0.006226123,-0.04652104,-0.006213562,0.9988786
1520530329.3000472,-0.06496763,-0.03861845,0.01425752,0.003337875,-0.05354704,0.009548788,0.9985141
1520530329.3500493,-0.08366092,-0.04148404,0.0103079,0.006398624,-0.06265847,0.02548481,0.9976891
1520530329.4000502,-0.1022313,-0.05136467,0.006155522,-0.005542698,-0.06192559,0.04993437,0.9968155
1520530329.4500523,-0.112368,-0.047943,0.003584737,0.006998728,-0.06141603,0.07188349,0.9954958
1520530329.5000534,-0.1136398,-0.04906772,0.004401608,0.005988257,-0.05969457,0.09859993,0.9933171
1520530329.5500553,-0.1015249,-0.04491065,0.008297676,0.009053159,-0.06481956,0.1263823,0.9898202
1520530329.6000969,-0.09121291,-0.04828285,0.01248379,-0.004710803,-0.05190107,0.1581787,0.9860343
1520530329.650099,-0.07518046,-0.04973941,0.01769039,-0.01660231,-0.04517981,0.1974512,0.9791303
1520530329.7000999,-0.06143594,-0.04763746,0.02073126,-0.0189569,-0.03183696,0.2345916,0.9713876
1520530329.750102,-0.0443136,-0.04230942,0.02256845,-0.01551896,-0.0241207,0.2680408,0.9629806
1520530329.8001041,-0.0251452,-0.03789092,0.02413809,-0.01619735,-0.01812305,0.2944856,0.9553468
1520530329.8501048,-0.006908385,-0.03176806,0.02434639,-0.01852807,-0.01200534,0.3131195,0.9494571
1520530329.9001071,0.009569502,-0.01863847,0.02404729,-0.01676511,-0.006598078,0.3242359,0.9458047
1520530329.950109,0.02519337,0.0003520716,0.02389758,-0.01004551,-0.006480331,0.3337565,0.9425835
1520530330.0001099,0.03993589,0.02412391,0.02627881,0.005166764,-0.01227384,0.3352419,0.942038
1520530330.0501616,0.05785572,0.03817225,0.02658607,0.003835921,-0.01569945,0.3204594,0.9471244
1520530330.1001625,0.07420518,0.05430886,0.03053554,0.01650882,-0.01916416,0.2932799,0.955692
1520530330.1501646,0.09420353,0.06058584,0.02885916,0.01416417,-0.018087,0.2559235,0.966424
1520530330.2001655,0.1126819,0.05573843,0.0236664,0.002930505,-0.007771068,0.2131313,0.9769883
1520530330.2501674,0.1321341,0.0438273,0.01781365,-0.009789622,0.0007225532,0.1637249,0.9864572
1520530330.3001695,0.1573142,0.03341737,0.01318934,-0.008528722,-0.001576162,0.1011587,0.9948325
1520530330.3501704,0.1721086,0.01796817,0.009513573,-0.005172512,0.003883397,0.0324216,0.9994534
1520530330.4001725,0.1826359,-0.003767167,0.007382103,-0.007465037,0.002053884,-0.04817461,0.9988089
1520530330.4507873,0.1837085,-0.0281106,0.008825928,-0.01612273,-0.005905288,-0.1348899,0.9907119
1520530330.5007882,0.1769348,-0.03738527,0.01628791,-0.01275371,-0.01921435,-0.1976907,0.9799932
1520530330.5507905,0.1651168,-0.03912183,0.02029782,-0.01082234,-0.03000864,-0.243782,0.9693053
1520530330.6007924,0.1467716,-0.03557006,0.02248859,-0.009986573,-0.03795419,-0.2799479,0.9592127
1520530330.6507933,0.1259428,-0.02178871,0.02502145,0.00671162,-0.04495619,-0.304264,0.9515027
1520530330.7007954,0.09996206,-0.01434236,0.02288689,0.008082299,-0.04971623,-0.3290158,0.9429802
1520530330.7507975,0.07187545,2.062693e-05,0.01901681,0.01623856,-0.04883564,-0.3396955,0.9391264
1520530330.8007984,0.04522827,0.01351156,0.016589,0.01841469,-0.05323714,-0.3442004,0.9372048
1520530330.8503668,0.01986281,0.0284241,0.01289312,0.02022431,-0.05517655,-0.3446027,0.9369074
1520530330.9002769,-0.006295377,0.04332358,0.009503057,0.01841693,-0.05598532,-0.3352433,0.9402863
1520530330.9502788,-0.03090667,0.05974857,0.003395355,0.01851425,-0.05940453,-0.3115027,0.9482059
1520530331.0002799,-0.06304192,0.07442615,0.0003451183,0.0171333,-0.04699205,-0.2729416,0.9607295
1520530331.0502818,-0.08842631,0.08436912,-0.003509574,0.01643037,-0.04330691,-0.2390987,0.9698899
1520530331.1002829,-0.1102468,0.08623347,-0.007270235,0.007647972,-0.04113475,-0.2021619,0.978458
1520530331.150285,-0.1296155,0.098373,-0.001223882,0.02745377,-0.03094269,-0.1648344,0.9854535
1520530331.2002857,-0.1476246,0.09458902,-0.003532641,0.02142035,-0.02917714,-0.1137578,0.9928489
1520530331.2507355,-0.1571236,0.08784324,-0.004296763,0.01917696,-0.03088648,-0.07146697,0.9967802
1520530331.3007364,-0.1659151,0.07427713,-0.005840994,0.01577152,-0.03023681,-0.01571053,0.9992949
1520530331.3507385,-0.1653874,0.0543853,-0.009179149,0.01047249,-0.03359023,0.03905291,0.9986175
1520530331.4007404,-0.1551675,0.02831224,-0.01255619,-0.0005873248,-0.04105295,0.09963757,0.9941764
1520530331.4507413,-0.1403137,2.779439e-05,-0.01119599,-0.01543284,-0.03825909,0.161559,0.9860004
1520530331.5007436,-0.1197767,-0.02357111,-0.007408489,-0.02679838,-0.03287883,0.221927,0.9741403
1520530331.5507445,-0.09482153,-0.03357341,-0.001360224,-0.02541678,-0.02732146,0.2715298,0.9617063
1520530331.6007464,-0.06784803,-0.03544403,0.003595268,-0.02315607,-0.02046732,0.3119597,0.9495926
1520530331.6504793,-0.04082822,-0.03064987,0.006641582,-0.02055102,-0.01359397,0.3372661,0.9410868
1520530331.7004812,-0.01352585,-0.02176592,0.00886319,-0.01797123,-0.01062085,0.3558855,0.9342964
1520530331.750483,0.01280703,-0.01340587,0.009498889,-0.02109981,-0.004747143,0.3658806,0.9304105
1520530331.8004842,0.03755868,0.004187349,0.01027509,-0.007678569,-0.004286528,0.3658183,0.9306448
1520530331.850486,0.06358277,0.01955254,0.01016302,-0.0006334893,-0.003907925,0.3536656,0.9353636
1520530331.9004881,0.08947521,0.03119757,0.01095201,0.001297399,-0.003969064,0.3316314,0.9433998
1520530331.9504893,0.1088409,0.03804564,0.0070827,7.471874e-05,0.007799144,0.305966,0.9520105
1520530332.0004911,0.1360659,0.04174966,0.005450029,-0.008213769,0.002062512,0.2713903,0.9624321
1520530332.0503874,0.1588866,0.04450459,0.002643258,-0.01138926,0.001463791,0.2318188,0.9726912
1520530332.1003885,0.1792607,0.04265294,-0.002960957,-0.01715311,0.005604325,0.1912939,0.9813669
1520530332.1503904,0.2001833,0.03945383,-0.0076263,-0.01658874,0.006488074,0.1483029,0.9887816
1520530332.2003922,0.2217239,0.02568274,-0.007559109,-0.02029575,0.0009528638,0.09078665,0.9956631
1520530332.2503934,0.2293565,0.01746009,-0.009313071,-0.00401913,0.005052208,0.03510598,0.9993628
1520530332.3003995,0.2244681,0.005060112,-0.0132118,0.0139495,0.01755137,-0.02329016,0.9994773
1520530332.3503964,0.2170803,-0.01035354,-0.009725544,0.0275794,0.01514417,-0.07189485,0.9969158
1520530332.4004016,0.2073272,-0.02186353,-0.008511719,0.04249871,0.007610776,-0.1188628,0.9919716
1520530332.4503994,0.191814,-0.03694955,-0.005841899,0.04810204,0.0005357084,-0.1649689,0.9851249
1520530332.5004826,0.1733552,-0.04963464,-0.0003479093,0.04863757,-0.01316601,-0.2101925,0.9763607
1520530332.5504835,0.1514238,-0.06006228,0.00017328,0.04739082,-0.02806108,-0.2455585,0.9678159
1520530332.6004858,0.1256202,-0.06297018,-0.001241909,0.04734113,-0.04136999,-0.2728809,0.9599913
1520530332.6504877,0.09968462,-0.05533361,-0.002363848,0.05176449,-0.05021453,-0.2959231,0.9524854
1520530332.7004886,0.07323335,-0.04954585,-0.0009909347,0.04189983,-0.06055929,-0.3224271,0.9437255
1520530332.7504907,0.04832505,-0.04535864,-0.004212782,0.02393128,-0.07077183,-0.3412271,0.9370074
1520530332.8004916,0.02141326,-0.02196639,-0.004695565,0.03045235,-0.0605136,-0.3477327,0.9351432
1520530332.8504934,-0.0157275,-0.01378752,0.006732644,0.008392363,-0.03917795,-0.3395369,0.939739
1520530332.9001639,-0.04145495,0.01047495,0.004547896,0.01443532,-0.03873104,-0.3204203,0.9463733
1520530332.9501662,-0.06764083,0.03233391,0.00243255,0.01571855,-0.03761818,-0.2977683,0.9537672
1520530333.0001681,-0.0945707,0.04943892,-0.001946511,0.007160951,-0.03907873,-0.2669657,0.9628868
1520530333.050169,-0.1249187,0.07149877,-0.004753986,0.009053019,-0.03616588,-0.2298017,0.9725232
1520530333.1001711,-0.1549402,0.07787678,-0.01207244,-0.00238466,-0.03913442,-0.1962299,0.9797738
1520530333.1501729,-0.1862227,0.08465514,-0.01462142,-0.00126074,-0.04036645,-0.1708013,0.9844775
1520530333.2001739,-0.1961308,0.08519669,-0.01895056,0.00394403,-0.06964672,-0.1499761,0.9862256
1520530333.250175,-0.2080775,0.07631905,-0.03004159,-0.0006570098,-0.09508432,-0.127098,0.987322
1520530333.3006082,-0.2362263,0.05526574,-0.04758066,-0.01636465,-0.1030915,-0.08721095,0.9907061
1520530333.35061,-0.3291089,0.02197454,-0.03438428,-0.03136398,-0.02481424,-0.01928846,0.9990138
1520530333.4006119,-0.355159,-0.007239217,-0.03840615,-0.04044063,-0.02637805,0.02251592,0.9985799
1520530333.450613,-0.3848568,-0.02670145,-0.03699474,-0.03449661,-0.01845014,0.05894411,0.9974945
1520530333.5006151,-0.3957549,-0.02382579,-0.03939344,-0.01004274,-0.02315784,0.07467408,0.9968885
1520530333.5506158,-0.3897266,-0.02932966,-0.03958409,-0.0001108236,-0.03067241,0.08689769,0.9957449
1520530333.6006181,-0.3738421,-0.03287033,-0.03540788,0.003936953,-0.02973884,0.09528048,0.9949983
1520530333.650619,-0.3415524,-0.03426281,-0.03056148,0.00366785,-0.0279446,0.09893471,0.9946948
1520530333.7005415,-0.302228,-0.03628496,-0.02464958,0.002029705,-0.02528411,0.1019841,0.9944626
1520530333.7505424,-0.2579027,-0.04323795,-0.01862586,0.0004371392,-0.02249893,0.1070555,0.9939983
1520530333.8005443,-0.1970687,-0.04453091,-0.01388067,0.0131814,-0.03467017,0.1037675,0.9939097
1520530333.8505454,-0.145612,-0.06786834,-0.006372664,0.002555188,-0.02749968,0.09441847,0.9951494
1520530333.9005475,-0.09193766,-0.08930105,0.004565326,-0.002695794,-0.02570579,0.08490412,0.9960539
1520530333.9505494,-0.03953576,-0.1100465,0.01250764,-0.004496494,-0.02621203,0.05871822,0.9979203
1520530334.0005615,0.004800959,-0.1205643,0.01510163,0.01081786,-0.02568877,0.03406245,0.9990309
1520530334.0505514,0.03244716,-0.1411193,0.01888385,0.006792865,-0.02099313,0.01320661,0.9996693
1520530334.1002159,0.03354977,-0.175551,0.02847934,-0.02735597,0.0005331921,-0.004695222,0.9996146
1520530334.150218,0.03873881,-0.1811488,0.02754666,-0.0181934,3.285606e-05,-0.006607578,0.9998127
1520530334.2002189,0.03979458,-0.1834316,0.02923924,-0.01644595,-0.004485336,-0.003849368,0.9998473
1520530334.2502208,0.03863149,-0.1685462,0.02570301,-0.01162986,-0.008226138,0.004609774,0.9998879
1520530334.3002222,0.03849198,-0.1440177,0.02416183,-0.02276304,-0.01458437,0.01394943,0.9995372
1520530334.350224,0.03318959,-0.09870099,0.01725248,-0.009681041,-0.01819286,0.01966771,0.9995942
1520530334.4002252,0.03095209,-0.06790299,0.01322033,-0.0161961,-0.02561818,0.01995853,0.9993413
1520530334.450227,0.0264918,-0.04425243,0.01126253,-0.02821993,-0.02849169,0.02151721,0.998964
1520530334.5002279,0.01923458,-0.01203119,0.01004582,-0.0246166,-0.02745242,0.02443731,0.9990211
1520530334.5500858,0.01203947,0.0213525,0.01104449,-0.01716122,-0.02213307,0.01863511,0.9994341
1520530334.6000879,0.01528085,0.04997076,0.01115834,-0.01454504,-0.03078067,0.01193958,0.999349
1520530334.6500888,0.01725523,0.08373601,0.01359941,-0.002404849,-0.03757387,0.0047947,0.9992794
1520530334.7000906,0.01446183,0.1097915,0.012198,-0.006759591,-0.0362575,-0.00174294,0.9993181
1520530334.7500918,0.0131242,0.1308153,0.01707252,-0.01027394,-0.03555689,-0.001884258,0.9993131
1520530334.8000939,0.009536918,0.1584679,0.02550928,-0.003228478,-0.03097757,-0.001532275,0.9995137
1520530334.8500948,0.003831531,0.1870889,0.04329043,0.01682447,-0.0288355,0.01277282,0.999361
1520530334.9000969,0.001242265,0.2067624,0.05501164,0.02511316,-0.0287037,0.02120318,0.9990475
1520530334.9509277,0.001505991,0.2221989,0.06200498,0.03443046,-0.02945868,0.02309431,0.9987059
1520530335.0009286,0.004586838,0.2277153,0.0667405,0.04877212,-0.03302396,0.02616011,0.997921
1520530335.0509307,0.005640546,0.220666,0.06556332,0.05948812,-0.03244275,0.03240661,0.9971752
1520530335.1009326,0.006813681,0.1913214,0.0499337,0.04320908,-0.02953974,0.03825844,0.9978961
1520530335.1509335,0.01008879,0.1615029,0.03678778,0.02482372,-0.02538511,0.04362507,0.9984169
1520530335.2009358,0.01186405,0.1288164,0.02822597,0.02412808,-0.01758545,0.04512311,0.9985352
1520530335.2509367,0.02232152,0.08403725,0.01965917,0.009953162,-0.02127475,0.04064092,0.9988977
1520530335.3009379,0.03128485,0.03706935,0.01480129,-0.002145207,-0.02837179,0.03444493,0.9990015
1520530335.3514574,0.03604609,-0.009750983,0.01331209,-0.01802045,-0.03026802,0.04002612,0.9985775
1520530335.4014585,0.03769391,-0.04525829,0.01402823,-0.01773404,-0.02946847,0.03753347,0.9987034
1520530335.4514594,0.03795769,-0.07213026,0.01486928,-0.008579216,-0.0287407,0.03996367,0.9987509
1520530335.5014613,0.03738924,-0.09419531,0.01511585,-0.0008768982,-0.0277415,0.04046316,0.9987954
1520530335.5514624,0.03741313,-0.1263694,0.01980397,-0.01629915,-0.02845956,0.0401064,0.998657
1520530335.6015124,0.03766124,-0.1451091,0.02135746,-0.01414295,-0.03060321,0.04314258,0.9984999
1520530335.6514654,0.03833562,-0.1650674,0.02384412,-0.01796909,-0.03470896,0.04553762,0.9981977
1520530335.7014675,0.03557937,-0.1789826,0.02641775,-0.0200126,-0.0336288,0.04785725,0.9980873
1520530335.7502227,0.03211481,-0.1675863,0.02021994,0.001869014,-0.03248484,0.0527893,0.9980754
1520530335.8002236,0.02868184,-0.1585575,0.01874944,0.001652457,-0.03399099,0.05228414,0.9980522
1520530335.8502257,0.02255986,-0.1356379,0.01391031,0.009431053,-0.03681022,0.05105471,0.9979727
1520530335.9002266,0.01103994,-0.119765,0.01275557,-0.005505117,-0.03914811,0.04734328,0.998096
1520530335.9502287,-0.003285234,-0.08931971,0.008097157,-0.004884101,-0.04121193,0.04050771,0.998317
1520530336.0002298,-0.0200977,-0.06090852,0.005094622,-0.01439379,-0.04090279,0.02678458,0.9987004
1520530336.0502317,-0.03599061,-0.02915062,0.001361399,-0.0177766,-0.0407269,0.01068682,0.998955
1520530336.1002328,-0.052054,3.688684e-05,-0.0005406474,-0.01507982,-0.04214367,-0.006182639,0.9989786
1520530336.1501775,-0.06952504,0.02243863,-0.002679699,-0.009559455,-0.04033153,-0.02257124,0.9988857
1520530336.2001793,-0.08474611,0.03381819,-0.0055502,-0.009706346,-0.04132423,-0.03857627,0.9983537
1520530336.2501805,-0.1043864,0.04389901,-0.006834986,-0.0005728604,-0.04022783,-0.04074673,0.9983592
1520530336.3001823,-0.1302993,0.03712294,-0.009603515,-0.008373968,-0.0342731,-0.03188401,0.9988687
1520530336.3501832,-0.1563602,0.02390399,-0.01209444,-0.01425549,-0.02943048,-0.01901999,0.9992842
1520530336.4001853,-0.1784804,0.004765856,-0.01422156,-0.0134175,-0.02840153,-0.003583314,0.9995002
1520530336.4501863,-0.1944122,-0.02248979,-0.01544091,-0.007309192,-0.03009555,0.01709689,0.9993741
1520530336.5001884,-0.2019809,-0.05630994,-0.01585253,-0.00650182,-0.02844813,0.04957217,0.9983441
1520530336.5505819,-0.2059492,-0.09940452,-0.0108652,-0.02279872,-0.01944628,0.09046561,0.9954486
1520530336.6005838,-0.2105598,-0.1229487,-0.007850445,-0.01904845,-0.006805706,0.1111673,0.9935958
1520530336.6505857,-0.2006244,-0.1472656,-0.003973057,-0.02542585,-0.005259063,0.1321109,0.9908949
1520530336.7005858,-0.18368,-0.1701961,0.001604388,-0.04177061,-0.00653125,0.1465497,0.9882994
1520530336.7505877,-0.1681327,-0.1803323,0.008824268,-0.04651849,-0.002341761,0.1557498,0.9866978
1520530336.8005898,-0.1438157,-0.1767515,0.0106782,-0.03900776,-0.007752298,0.1630419,0.9858173
1520530336.8505907,-0.1163272,-0.1732907,0.01871805,-0.04076969,-0.01473156,0.1708281,0.9843468
1520530336.9005938,-0.094129,-0.1711733,0.02219098,-0.04267828,-0.01427368,0.1691112,0.9845691
1520530336.9505939,-0.06528103,-0.1611522,0.02320559,-0.04365494,-0.02732887,0.1707056,0.9839751
1520530337.0002584,-0.0467515,-0.1403681,0.02098758,-0.03586708,-0.03305127,0.1691663,0.98438
1520530337.0502594,-0.03245386,-0.1092617,0.01890873,-0.02418549,-0.03633069,0.1601927,0.9861204
1520530337.1002662,-0.01709036,-0.07918686,0.01835056,-0.02030581,-0.03990784,0.1492116,0.9877909
1520530337.1502624,-0.001499658,-0.04985108,0.01789472,-0.0183066,-0.04354863,0.1412707,0.9888433
1520530337.2003512,0.01764455,-0.01711368,0.01793929,-0.01015723,-0.04946848,0.1316423,0.9900101
1520530337.2502654,0.03795309,0.00938852,0.01775548,-0.008022438,-0.05133177,0.1203001,0.9913771
1520530337.3002675,0.06096403,0.03333064,0.01927505,-0.003028972,-0.05415792,0.1112227,0.9923141
1520530337.3502693,0.08534238,0.05533379,0.02067787,0.00707037,-0.05631065,0.1033804,0.9930215
1520530337.4003012,0.1113969,0.07182267,0.02061474,0.0107856,-0.05657489,0.09925269,0.9933941
1520530337.4503031,0.1433916,0.08946583,0.02205866,0.01648247,-0.06302301,0.09123427,0.9936965
1520530337.5003042,0.1758834,0.09794696,0.02258431,0.01214164,-0.06752672,0.08327723,0.9941618
1520530337.5503061,0.1991218,0.1066555,0.01870025,0.01402909,-0.0598996,0.09014057,0.9940271
1520530337.600307,0.2279623,0.1013564,0.01251133,0.007423493,-0.05842605,0.08769157,0.9944051
1520530337.6503093,0.2548164,0.0873753,0.00790735,0.001442732,-0.0561714,0.07473504,0.9956191
1520530337.70031,0.2790782,0.07056533,0.005117906,0.001138941,-0.05443639,0.05599705,0.9969452
1520530337.7503121,0.3009504,0.04710592,0.002026103,-0.001412112,-0.05404754,0.0353521,0.9979114
1520530337.800854,0.3120229,0.01306884,0.002964061,-0.01378798,-0.05431486,0.01434799,0.9983256
1520530337.8508546,0.3119286,-0.0005679312,0.004064782,-0.002950745,-0.05039464,0.006692253,0.9987026
1520530337.9008567,0.3144383,-0.01986875,0.005374899,0.0001487448,-0.04987996,-0.0006537793,0.998755
1520530337.9508579,0.3133853,-0.04187576,0.008335125,0.002272658,-0.0501392,-0.01165463,0.9986717
1520530338.0008597,0.3074335,-0.08487706,0.01823657,-0.02219843,-0.05634969,-0.03437382,0.9975722
1520530338.0508616,0.2942156,-0.1136796,0.02678293,-0.029917,-0.06115275,-0.0494706,0.9964527
1520530338.1008627,0.2758126,-0.1443441,0.04150377,-0.04852788,-0.07156682,-0.06221704,0.99431
1520530338.1508636,0.2557517,-0.1482274,0.04367711,-0.041602,-0.07299118,-0.06175899,0.9945489
1520530338.2004707,0.2346307,-0.1483983,0.04297871,-0.04146422,-0.07050258,-0.06377574,0.9946069
1520530338.2504725,0.2124834,-0.1459294,0.04459981,-0.04986921,-0.06956162,-0.06969167,0.99389
1520530338.3004744,0.1915471,-0.1321107,0.04122331,-0.04228006,-0.0683433,-0.07520412,0.9939246
1520530338.3504755,0.1736702,-0.1181704,0.03833407,-0.03429397,-0.06877883,-0.07689325,0.9940729
1520530338.4004776,0.1535688,-0.1040459,0.03657433,-0.02945005,-0.06832024,-0.07155608,0.9946581
1520530338.4504783,0.1293712,-0.08487396,0.03166283,-0.02042542,-0.06379302,-0.05947196,0.9959801
1520530338.5004807,0.1097601,-0.06463917,0.02927243,-0.01924583,-0.06307485,-0.04505957,0.9968053
1520530338.5504816,0.0913413,-0.03547413,0.0273284,-0.01009272,-0.06119899,-0.03191298,0.9975643
1520530338.60026,0.07156584,-0.009880793,0.02501985,-0.009586973,-0.05556526,-0.02540301,0.9980858
1520530338.6502609,0.05570379,0.01980942,0.02379682,-0.003027155,-0.05569594,-0.01939969,0.9982547
1520530338.700263,0.03876633,0.04608587,0.02093393,0.000112866,-0.05527937,-0.01537105,0.9983526
1520530338.7502658,0.02280917,0.07011075,0.01843603,0.00364947,-0.05424866,-0.01858558,0.9983478
1520530338.8002658,0.002650855,0.09076479,0.01809562,0.006212715,-0.04582765,-0.02140451,0.9987007
1520530338.8502669,-0.0163912,0.115567,0.01880313,0.01510601,-0.03963033,-0.02430692,0.9988045
1520530338.9002688,-0.03273281,0.142314,0.01694788,0.0201949,-0.03946308,-0.0254123,0.9986937
1520530338.9502697,-0.05606494,0.1692573,0.02199319,0.02719465,-0.02795095,-0.02794485,0.9988485
1520530339.000272,-0.0760069,0.1960058,0.02498894,0.03253683,-0.02131305,-0.03598552,0.9985951
1520530339.0509589,-0.08933678,0.2245831,0.02132485,0.03766012,-0.02481571,-0.04709867,0.9978715
1520530339.1009598,-0.112299,0.2452474,0.02335379,0.04352036,-0.0207454,-0.05265437,0.9974483
1520530339.1509619,-0.1366385,0.2531895,0.02477797,0.04025547,-0.01623194,-0.05946056,0.9972866
1520530339.200963,-0.1684271,0.2555422,0.02579392,0.03410672,-0.006459778,-0.06438959,0.997321
1520530339.2509649,-0.1919467,0.2624016,0.02383942,0.03415513,-0.005865021,-0.07561968,0.9965343
1520530339.300966,-0.221993,0.2655536,0.02163628,0.03285854,-0.001635708,-0.07839283,0.9963796
1520530339.3509679,-0.2537413,0.2596031,0.02577401,0.036667,0.005582119,-0.06445965,0.9972308
1520530339.4009697,-0.2798101,0.2409242,0.0242391,0.03298827,0.004659589,-0.043362,0.9985038
1520530339.4516876,-0.3137144,0.2164251,0.0287733,0.03305228,0.01682305,-0.01549382,0.9991919
1520530339.5016894,-0.3316671,0.1974158,0.02375251,0.03532623,0.01363346,-0.002912833,0.9992786
1520530339.5516906,-0.398486,0.1100651,0.001201138,-0.01313646,0.03720067,0.08573577,0.9955365
1520530339.6016924,-0.4068885,0.06540281,0.008567184,-0.008826219,0.04243713,0.1242164,0.991308
1520530339.6516933,-0.4001122,0.03061789,0.00465766,-0.004297798,0.03499264,0.1502243,0.9880232
1520530339.7016957,-0.3906969,0.001778647,-0.004018223,-0.004780069,0.02667297,0.1644665,0.9860104
1520530339.7516975,-0.3730509,-0.03112847,0.006704614,0.0007819475,0.03123236,0.1911391,0.9810656
1520530339.8016984,-0.3554142,-0.06378517,0.007532865,-0.006229846,0.034065,0.2095916,0.9771756
1520530339.8510566,-0.333321,-0.09015062,0.008713771,-0.01544459,0.03177894,0.2215902,0.9744995
1520530339.9010575,-0.3129383,-0.1125054,0.01415787,-0.02276061,0.03429298,0.2375215,0.9705099
1520530339.9510593,-0.2912605,-0.1275863,0.01138049,-0.023278,0.0277672,0.2455283,0.968712
1520530340.0010614,-0.2682909,-0.1436713,0.03067513,-0.03319295,0.04146537,0.2448289,0.9681104
1520530340.0510623,-0.2424609,-0.1504537,0.0249025,-0.02004751,0.03087977,0.2379145,0.9705881
1520530340.1010633,-0.2140476,-0.1722639,0.03206949,-0.03825381,0.02801012,0.2344303,0.9709761
1520530340.1510653,-0.195272,-0.1739173,0.03763829,-0.03221143,0.03232611,0.2313857,0.9717912
1520530340.2010674,-0.175868,-0.1693418,0.03584034,-0.03195309,0.02795251,0.2217931,0.9741691
1520530340.2503955,-0.1596338,-0.1545555,0.03799963,-0.03049125,0.02738922,0.2082454,0.9772174
1520530340.3003974,-0.1455813,-0.1298456,0.03539716,-0.01623049,0.02759698,0.1943786,0.980404
1520530340.3503995,-0.131011,-0.111886,0.03621022,-0.01638884,0.02888483,0.181724,0.9827886
1520530340.4004004,-0.1145758,-0.08827608,0.03233992,-0.005450705,0.02429433,0.1695213,0.985212
1520530340.4504013,-0.09803133,-0.07283226,0.03072301,-0.01063325,0.02187612,0.1580915,0.9871249
1520530340.5004036,-0.08142117,-0.04952518,0.02797896,-0.00324532,0.01829681,0.1438227,0.989429
1520530340.5504045,-0.06291885,-0.0219098,0.02552188,0.009426302,0.01528865,0.1331499,0.9909332
1520530340.6004064,-0.04389157,-0.000110982,0.02306989,0.0126596,0.01212234,0.120074,0.9926102
1520530340.6503468,-0.02469411,0.01551394,0.02098676,0.008154762,0.009789836,0.1062557,0.9942572
1520530340.7003479,-0.009207159,0.0390476,0.01999415,0.02083042,0.009005901,0.09773494,0.9949537
1520530340.75035,0.01014398,0.04918366,0.01723349,0.01533419,0.004433328,0.08543502,0.9962159
1520530340.8003509,0.02302432,0.06565713,0.01577336,0.02554119,0.005910092,0.08093628,0.9963744
1520530340.850353,0.04133253,0.07238459,0.01363926,0.02424323,-0.001797967,0.07671175,0.996757
1520530340.9003539,0.05616302,0.07953509,0.01154853,0.02546578,-0.004165517,0.07076249,0.9971594
1520530340.9503558,0.06893191,0.08122341,0.009249959,0.02333037,-0.004592391,0.06397561,0.9976681
1520530341.0003579,0.08297102,0.08136272,0.007789563,0.02180548,-0.008532603,0.05450406,0.998239
1520530341.0507739,0.09303756,0.07311162,0.004340169,0.01246844,-0.01247852,0.04312215,0.9989141
1520530341.1007757,0.09499764,0.07077583,0.004421931,0.01734074,-0.01218928,0.03479419,0.9991697
1520530341.1507769,0.09641523,0.05661492,0.001736407,0.007266568,-0.01586002,0.02647896,0.9994972
1520530341.200779,0.09011006,0.04513586,0.001438253,0.005602978,-0.01455295,0.02276465,0.9996192
1520530341.2507796,0.07999336,0.03856025,0.002199608,0.01312679,-0.01477477,0.02653823,0.9994524
1520530341.300782,0.0667545,0.02636347,0.001308042,0.009931397,-0.01466572,0.03359035,0.9992787
1520530341.3507838,0.05270417,0.02034495,0.002270531,0.01141451,-0.01437321,0.04373045,0.9988748
1520530341.4007847,0.04036625,0.01413879,0.002120092,0.008630604,-0.01620149,0.05147674,0.9985055
1520530341.4507868,0.02758498,0.01151759,0.002056434,0.008946336,-0.01674671,0.05505017,0.9983031
1520530341.5007129,0.01635824,0.008747404,0.002654236,0.009061766,-0.01644854,0.05758045,0.9981642
1520530341.5507138,0.00625352,0.005641307,0.003033403,0.009607039,-0.01658041,0.05874209,0.9980893
1520530341.6007159,-0.002277439,0.001196851,0.002559801,0.01145454,-0.01564922,0.06071955,0.9979665
1520530341.6507168,-0.01164956,-0.00553687,0.003478871,0.0120467,-0.01361093,0.06303615,0.9978457
1520530341.7007186,-0.01815949,-0.01130452,0.003873064,0.0134636,-0.0140555,0.06255017,0.9978521
1520530341.7507198,-0.02548153,-0.0146944,0.004462886,0.01182146,-0.01540238,0.06464186,0.9977196
1520530341.8007216,-0.03259305,-0.01209433,0.005665057,0.01047315,-0.01474044,0.06468154,0.9977421
1520530341.850723,-0.03815171,-0.003341505,0.006062884,0.01189941,-0.01253223,0.06112666,0.9979804
1520530341.9005423,-0.04038826,0.009527572,0.007577103,0.014188,-0.01379343,0.05486476,0.9982977
1520530341.9505782,-0.04203102,0.01945469,0.009125463,0.01123288,-0.01355816,0.04941673,0.9986231
1520530342.000545,-0.04254299,0.02891534,0.01137379,0.01284704,-0.01185194,0.04797869,0.9986954
1520530342.0505462,-0.04049766,0.03096891,0.01470709,0.01209213,-0.00674236,0.0425057,0.9990003
1520530342.1005483,-0.0344631,0.02921019,0.01742374,0.01206844,-0.003711982,0.03724819,0.9992263
1520530342.1505492,-0.02642349,0.02725469,0.02005611,0.01583489,-0.0002776433,0.03572752,0.9992361
1520530342.2005513,-0.01867196,0.01950565,0.02189867,0.01544954,0.002770615,0.04094837,0.999038
1520530342.2505531,-0.01063224,0.003593156,0.02302074,0.006085196,0.007322032,0.04211732,0.9990673
1520530342.3006728,0.0001026781,-0.004094468,0.02498834,0.008110937,0.01136569,0.04239881,0.9990032
1520530342.3506749,0.008509247,-0.00669498,0.02720827,0.01424351,0.01937111,0.04747542,0.998583
1520530342.4006758,0.01862364,-0.01028876,0.02731432,0.01252971,0.02571811,0.05120707,0.9982783
1520530342.4506779,0.03201795,-0.009202828,0.02777802,0.01601701,0.02730786,0.0557696,0.9979417
1520530342.5006788,0.03847756,-0.0119254,0.02794295,0.00884642,0.03529758,0.06486611,0.9972303
1520530342.5506806,0.04163698,0.002355736,0.03091808,0.02757356,0.04185026,0.07385342,0.9960091
1520530342.6006827,0.04716489,-0.001707635,0.03191001,0.01103243,0.04098726,0.07571368,0.9962258
1520530342.6506836,0.0484194,0.01073438,0.03401616,0.01958805,0.0445264,0.07878111,0.9957044
1520530342.7006428,0.05524246,0.01815649,0.03788032,0.01507618,0.03989602,0.07593317,0.9962004
1520530342.750644,0.05913635,0.02712479,0.04057457,0.01173589,0.04303202,0.07772551,0.9959766
1520530342.8006461,0.06509871,0.03607237,0.04216495,0.01098938,0.04194279,0.08256262,0.9956422
1520530342.8506479,0.06753482,0.03857245,0.04674036,0.006266146,0.04725549,0.09250921,0.9945701
1520530342.9006491,0.06320275,0.03154692,0.04974763,-0.006871133,0.0651503,0.1014638,0.9926799
1520530342.9506509,0.08271704,0.04276721,0.05616198,0.008938775,0.03894526,0.1118033,0.9929267
1520530343.0006528,0.08745731,0.04408591,0.05954377,0.009983684,0.04377248,0.1155763,0.9922835
1520530343.0506539,0.1001029,0.04874129,0.06318301,0.009877228,0.03657594,0.1213739,0.9918836
1520530343.1011312,0.1083254,0.05543332,0.0666451,0.01934167,0.03608708,0.1318575,0.9904228
1520530343.1511331,0.1185706,0.05222745,0.06823145,0.02195875,0.04029449,0.13447,0.9898546
1520530343.201134,0.1341698,0.04449201,0.0677053,0.02054945,0.04115457,0.1331427,0.9900288
1520530343.2511361,0.1470581,0.04622378,0.0684516,0.03281166,0.04622195,0.136696,0.9889899
1520530343.3011379,0.1626963,0.04683605,0.06820356,0.03662606,0.0492135,0.1387216,0.9884295
1520530343.35114,0.1774193,0.05255548,0.06920574,0.04512031,0.05485203,0.1417412,0.9873524
1520530343.4011412,0.1931292,0.05465357,0.06863545,0.04638369,0.061271,0.1387876,0.987336
1520530343.451144,0.2096121,0.05904485,0.06829046,0.05496245,0.06448356,0.1368946,0.9869553
1520530343.5014038,0.224114,0.0625269,0.06687137,0.06027333,0.06872701,0.1306592,0.9872041
1520530343.5514755,0.2301738,0.07123283,0.06845345,0.07855309,0.07900035,0.1333234,0.984791
1520530343.6014066,0.2265113,0.07335591,0.07440773,0.09010268,0.0962531,0.140186,0.9813077
1520530343.6514077,0.2281861,0.07682791,0.07637714,0.09835748,0.1119237,0.141781,0.97862
